10	-34.3820938288362
20	-36.2009514171921
30	-36.2558702958472
40	-35.1038184319674
50	-36.1065113308048
60	-33.9713452585521
70	-33.7849007103681
80	-36.3851148426855
90	-35.3934502433571
100	-34.6956294830228
110	-34.8348004862683
120	-36.0614686058563
130	-35.1404960188546
140	-35.3949528662586
150	-34.1748742067911
160	-34.3415415194465
170	-35.4852855451487
180	-34.6229321455414
190	-35.702029019134
200	-33.8568776656619
210	-35.9354272184794
220	-35.3771814142728
230	-35.1545263890789
240	-35.5831900545755
250	-35.3787068649232
260	-34.1342829910372
270	-35.0095504297412
280	-35.2160989852541
290	-36.492808416969
300	-36.2082642451274
310	-35.5575950391797
320	-35.1203117024316
330	-35.8767458508044
340	-34.9825817651314
350	-36.046597081487
360	-34.5674855818714
370	-35.8723552362687
380	-35.1909103795392
390	-35.107304009821
400	-34.7587447695316
410	-34.9023083162288
420	-36.1071540437948
430	-34.4842867571515
440	-35.7238906501454
450	-34.6602667029313
460	-34.9696118301031
470	-36.7253849271464
480	-34.7453218093587
490	-34.7629478389647
500	-35.0605157274803
510	-34.873757190856
520	-34.6778072580796
530	-34.5764105570888
540	-34.8239703950014
550	-35.4614429445715
560	-35.0342217561835
570	-34.8558725266827
580	-33.9498160232018
590	-35.4145957522748
600	-35.7584807399385
610	-36.7005212768025
620	-34.2348160816642
630	-36.0107544522444
640	-36.1188241779698
650	-34.5828056064936
660	-34.7985689235615
670	-35.8238683188566
680	-35.4713296634048
690	-34.885964100249
700	-35.0286345622177
710	-34.3425255804721
720	-35.2628132157804
730	-36.3433312710188
740	-34.5206861783018
750	-35.7136212925259
760	-35.9095448005076
770	-33.7170639944387
780	-35.7968289000544
790	-35.181386268648
800	-35.6701299617375
810	-35.1989590959198
820	-35.9604763791157
830	-35.8294321462123
840	-36.3895437323684
850	-34.8812276951528
860	-35.207280581375
870	-34.9950643999955
880	-36.5481303004976
890	-35.8501137339677
900	-34.9028369710369
910	-35.4599850711649
920	-35.4126918152052
930	-35.3509870822364
940	-36.1375563426375
950	-35.9551110041233
960	-34.8135332333005
970	-35.3626759319395
980	-35.8039897470592
990	-33.9851709883181
1000	-36.0693698972372
1010	-35.18
1020	-34.2131794357576
1030	-35.4537169081777
1040	-33.1407856140472
1050	-35.1857425638133
1060	-35.3800707111475
1070	-34.521233850314
1080	-35.666367517453
1090	-33.771943760177
1100	-35.3527644671868
1110	-35.6190516467207
1120	-35.2086192325774
1130	-35.2930437333535
1140	-36.4014247201747
1150	-35.2891532460959
1160	-33.563262550503
1170	-35.352322929841
1180	-34.6120499706471
1190	-35.7924192614803
1200	-34.7677038759884
1210	-34.6076149769049
1220	-36.4630565712154
1230	-35.0619060832763
1240	-33.3466242253247
1250	-34.4477323836168
1260	-35.4513821451064
1270	-34.6810506171038
1280	-34.5411662836601
1290	-34.978935679909
1300	-35.9942652828498
1310	-34.7427417176828
1320	-36.1902029015659
1330	-34.1758407098415
1340	-33.8222232184122
1350	-35.374283415755
1360	-34.2321121288659
1370	-36.3538376116238
1380	-35.3563598018345
1390	-34.0508292214909
1400	-35.5386559285911
1410	-35.1227676154556
1420	-34.1499606203052
1430	-35.6867763799296
1440	-34.0565255282502
1450	-34.9465127069375
1460	-35.9474882700232
1470	-35.8425338007172
1480	-36.1295165431113
1490	-35.8545768222484
1500	-35.2927970455098
1510	-34.9981899377772
1520	-36.0681470194791
1530	-35.2495182545573
1540	-34.4733265676149
1550	-36.9186940466524
1560	-34.687014086968
1570	-34.9005093155704
1580	-34.7016727449782
1590	-34.6400732983946
1600	-34.5030161659927
1610	-35.2532833825106
1620	-34.2741131006725
1630	-34.4046872526195
1640	-34.9112181942539
1650	-35.1904995947219
1660	-35.2160739964043
1670	-34.8458549963888
1680	-34.8703745267992
1690	-36.6962677979014
1700	-34.9579786318312
1710	-34.2897265712955
1720	-35.7184884044095
1730	-34.4102829590775
1740	-34.9532785087536
1750	-33.860005856792
1760	-35.0235235009536
1770	-35.2970875928698
1780	-35.8746422690954
1790	-36.3563835434578
1800	-36.2086485046787
1810	-34.1730612371879
1820	-34.8946407222156
1830	-35.69075068864
1840	-35.4595233244933
1850	-34.8288885606878
1860	-35.5924695070106
1870	-34.9538584052182
1880	-34.7066327144986
1890	-35.7026867385286
1900	-35.2017424686749
1910	-34.2206300328454
1920	-35.0997916086937
1930	-34.4203767707366
1940	-34.6689263906781
1950	-34.0773191941867
1960	-34.4057229211783
1970	-35.029165038638
1980	-33.4433899893248
1990	-35.6974152453164
2000	-35.2718420583412
2010	-35.1134254196225
2020	-35.6016523099767
2030	-33.6588068808389
2040	-34.8480395631137
2050	-34.2396435820631
2060	-34.8884830353545
2070	-37.1988358869876
2080	-35.1153144617334
2090	-36.3432392745962
2100	-34.7847183787566
2110	-35.1084039045397
2120	-34.6125812848335
2130	-33.9487691432064
2140	-35.7060589907503
2150	-34.7213224719236
2160	-35.2916932475038
2170	-34.6906869907869
2180	-33.9039726078407
2190	-34.7
2200	-35.5275204153114
2210	-35.0448338086765
2220	-34.967164138712
2230	-35.5904033811103
2240	-35.4342505582126
2250	-34.2718250602532
2260	-36.5394490225656
2270	-33.6584675354447
2280	-35.8443668027248
2290	-34.985181265355
2300	-34.4900099030307
2310	-34.7680742070004
2320	-34.5849160254019
2330	-36.1814647507688
2340	-35.5286378094248
2350	-35.5556387327741
2360	-35.7362760280567
2370	-33.8215530346194
2380	-34.3562313902151
2390	-35.7508955631474
2400	-34.3232482730297
2410	-34.8515925356024
2420	-35.4138188466827
2430	-34.0824828396027
2440	-33.9264420859689
2450	-34.7526579727893
2460	-34.1735397923508
2470	-34.3064317334719
2480	-35.799437395243
2490	-35.5102749056853
2500	-34.2113382745118
2510	-34.9358570475494
2520	-35.0403266596598
2530	-35.5386043059254
2540	-33.9766394051709
2550	-34.3547152110995
2560	-34.2300688886146
2570	-34.7621927053218
2580	-33.8067150146339
2590	-36.0187869141508
2600	-34.6128225098566
2610	-35.4899227570996
2620	-34.5724542264572
2630	-33.6374517220129
2640	-33.8720553592933
2650	-34.3917647207968
2660	-36.1422793688137
2670	-34.6852722058524
2680	-34.419797813673
2690	-35.118801520677
2700	-35.5202403647702
2710	-34.152661177376
2720	-35.1274245510125
2730	-34.35594960575
2740	-34.3632194147964
2750	-33.8314838098076
2760	-34.3004385086315
2770	-34.6823907685913
2780	-34.5236802410907
2790	-34.9447162728895
2800	-35.1704364068773
2810	-35.6508936582722
2820	-34.9446116258629
2830	-35.0423943400039
2840	-35.1003333182149
2850	-34.2123188276758
2860	-34.2910205363408
2870	-33.6348151786904
2880	-35.3447221850097
2890	-35.1621579045351
2900	-35.1200075093861
2910	-35.0255128385393
2920	-33.988351286557
2930	-35.4594949736073
2940	-34.6344248795257
2950	-35.4282505321107
2960	-35.2354159086097
2970	-34.6201348599461
2980	-34.5636922087745
2990	-33.6228349891885
3000	-34.9930362635081
3010	-35.4122783160447
3020	-33.6176211369326
3030	-34.5873298142829
3040	-35.7876401512584
3050	-35.4110427843713
3060	-35.0398947218242
3070	-34.6094024024979
3080	-35.3905208843765
3090	-34.3840957714624
3100	-36.2425178459214
3110	-35.9772097335383
3120	-34.164925997177
3130	-33.9492343105054
3140	-34.0037484154792
3150	-36.2586811641534
3160	-35.0579417674777
3170	-35.0347559851055
3180	-35.4400396493207
3190	-35.3871789391089
3200	-35.591330063514
3210	-33.9351826494697
3220	-33.6701375072813
3230	-34.647878692153
3240	-35.5709579956664
3250	-34.6985716594574
3260	-35.5756927451362
3270	-34.3019000243098
3280	-34.5728590511245
3290	-34.6682285026737
3300	-34.4713465691569
3310	-34.9177998465342
3320	-34.3011324438475
3330	-34.1104045374188
3340	-34.5378038314663
3350	-34.4390440736528
3360	-34.506630255666
3370	-32.7280099879593
3380	-35.0639233056022
3390	-35.2646096582789
3400	-34.3501274191856
3410	-34.5164276203825
3420	-34.3039064555788
3430	-35.0882350252282
3440	-34.9398900431704
3450	-34.604012262218
3460	-35.288198415432
3470	-34.6737698955962
3480	-34.297491771621
3490	-34.8643969810479
3500	-34.5232015078057
3510	-34.2881770862434
3520	-34.9102615960184
3530	-35.1744859151483
3540	-34.6611266265927
3550	-34.1867879569809
3560	-35.5915054304992
3570	-34.0432906112518
3580	-33.7982208098533
3590	-35.1197150799179
3600	-34.4106259877932
3610	-34.9762221224983
3620	-34.8826487077335
3630	-36.0842379768596
3640	-34.0929642423254
3650	-35.3102996943128
3660	-35.2376857447621
3670	-34.7117267430009
3680	-34.9039331165359
3690	-35.5935593810646
3700	-34.5187490574911
3710	-34.9260192481902
3720	-34.6911366294026
3730	-35.4890502276912
3740	-34.466654588838
3750	-34.7822453381831
3760	-33.8356700108503
3770	-35.2875879512279
3780	-34.6229560553393
3790	-36.0705952889765
3800	-34.3762112420548
3810	-35.1378744828846
3820	-34.5300293662603
3830	-34.2621009117011
3840	-33.6917285011164
3850	-35.2871452846061
3860	-35.241037161847
3870	-34.4447895520676
3880	-33.8294842878762
3890	-35.3444964759434
3900	-34.255377527078
3910	-34.9565704354898
3920	-35.9079089226075
3930	-35.1667758749295
3940	-35.1035883663251
3950	-35.372643880683
3960	-34.2936149284629
3970	-34.1959465977648
3980	-35.7530233816883
3990	-34.5526146901316
4000	-34.9533349109571
4010	-35.3958002503728
4020	-35.0567605936288
4030	-34.2278796946091
4040	-35.4622724558038
4050	-34.7540505246576
4060	-35.1942711521187
4070	-35.1895481593591
4080	-35.4061044455526
4090	-35.1984768261797
4100	-34.0514899118507
4110	-34.7505229183044
4120	-34.2831501530269
4130	-35.442294195886
4140	-34.3525836484157
4150	-34.8767023683762
4160	-33.9109357634979
4170	-33.7401006817679
4180	-34.2024775033444
4190	-34.407456205688
4200	-35.5061168827526
4210	-34.4545653453186
4220	-34.9242939244648
4230	-35.0950454006378
4240	-34.8485351017272
4250	-35.4561812844503
4260	-35.5462815371752
4270	-34.7341359675224
4280	-35.5615701933165
4290	-34.7393894680367
4300	-34.9463662226478
4310	-34.6450343839109
4320	-34.8753031458921
4330	-35.8025902709701
4340	-35.0169544531546
4350	-35.2817602957076
4360	-34.6059369358374
4370	-34.4851898423233
4380	-34.9831467797656
4390	-34.2743828628458
4400	-35.4191486784021
4410	-35.767193779517
4420	-34.9228751291872
4430	-34.4088955698557
4440	-34.2575411954498
4450	-33.5582985011865
4460	-34.9378896492236
4470	-36.081398364794
4480	-34.6070032735492
4490	-34.3388392063116
4500	-36.0050780420623
4510	-34.6662590896278
4520	-34.6784535344106
4530	-34.6726655460673
4540	-35.1944249344379
4550	-34.755664626234
4560	-34.6149834850226
4570	-34.8955282887846
4580	-34.0725686565775
4590	-35.2374727659483
4600	-33.8782441377351
4610	-35.3806988429564
4620	-35.0492487811129
4630	-34.9128911262575
4640	-35.1321420610088
4650	-35.335363819289
4660	-35.1726091824717
4670	-34.8323662509569
4680	-35.1247639462831
4690	-35.8608207655632
4700	-34.5066685319792
4710	-34.5840341667985
4720	-34.6912263291486
4730	-35.2948647852445
4740	-36.375955460237
4750	-34.7590195389569
4760	-35.4156322545223
4770	-35.7055200559418
4780	-34.9671785729632
4790	-35.7153907528159
4800	-35.2425784220089
4810	-33.5426817382848
4820	-34.866178593623
4830	-34.2537847762508
4840	-36.058241287398
4850	-35.1256402513395
4860	-36.4937305035681
4870	-34.5757448922167
4880	-34.1666508641479
4890	-35.4698304784541
4900	-34.7491656339241
4910	-34.7421762624162
4920	-34.6517760859351
4930	-34.3262775576274
4940	-35.0132825156903
4950	-35.4718129346695
4960	-34.2751018552802
4970	-34.1942757149538
4980	-34.658563896253
4990	-35.4791246966779
5000	-34.4910239413227
5010	-34.8940738895554
5020	-34.9678866596084
5030	-34.2857171421524
5040	-34.4617275593765
5050	-33.994186475051
5060	-35.1026321249952
5070	-34.1515988346202
5080	-33.792184026968
5090	-35.6533683714628
5100	-34.801523428073
5110	-34.6266524212739
5120	-34.1306390103205
5130	-34.8407101572984
5140	-35.4000735582117
5150	-34.6020231680835
5160	-35.4033489928507
5170	-36.1234310970545
5180	-35.1167019183065
5190	-34.7210652230896
5200	-35.2540117997278
5210	-34.1304463114199
5220	-34.9779983549976
5230	-34.7420438876506
5240	-35.6701765063254
5250	-35.2815227083325
5260	-35.7242559357264
5270	-34.3906965753765
5280	-35.1978143915648
5290	-35.0186611302644
5300	-35.7212343423188
5310	-35.5774121725969
5320	-35.7071222939848
5330	-35.1573435598331
5340	-35.5326055842832
5350	-35.3196508394397
5360	-34.8547991406123
5370	-34.9499716180014
5380	-34.8577614037472
5390	-34.3213144700262
5400	-35.930737088905
5410	-35.473066963875
5420	-35.3261757894091
5430	-33.6472245853703
5440	-34.7293076187229
5450	-35.2681609420471
5460	-35.6939166317947
5470	-34.4665231046216
5480	-34.5879539572059
5490	-34.99203663858
5500	-35.0826236274382
5510	-34.6522549142929
5520	-34.2093499064315
5530	-35.9221424477582
5540	-34.4058520306072
5550	-34.5067065092077
5560	-35.1602416943568
5570	-34.9182565113726
5580	-35.4267252773847
5590	-34.9103484439957
5600	-34.525738705681
5610	-33.4963509525686
5620	-35.3960268584823
5630	-35.3013860899111
5640	-34.1697504703559
5650	-34.2782737187387
5660	-35.1339763746292
5670	-34.67920005692
5680	-35.0493073184638
5690	-35.6713866343004
5700	-35.2795983861509
5710	-34.1208864482773
5720	-34.8452478881688
5730	-35.3951824686415
5740	-34.8707498378648
5750	-34.9920546464277
5760	-33.7479018746214
5770	-35.6417180601414
5780	-34.4662156529723
5790	-34.8647281267644
5800	-34.2151505994179
5810	-34.2224681581883
5820	-33.9981747531272
5830	-34.531232887113
5840	-36.1490097402687
5850	-35.8246777100527
5860	-34.771208553288
5870	-34.7809336618804
5880	-34.3299584920031
5890	-33.9107915353436
5900	-34.2308419526347
5910	-34.6664132299991
5920	-33.996242348086
5930	-35.5425394112458
5940	-34.4566595588287
5950	-34.7241695401649
5960	-34.8384285171738
5970	-35.1166069035557
5980	-35.1351185637697
5990	-34.0117846604762
6000	-36.1968236237123
6010	-34.815776353285
6020	-34.8552101356662
6030	-35.2184907517317
6040	-35.6270484113453
6050	-34.2094599293088
6060	-35.2229406990362
6070	-33.9032889700945
6080	-34.8437352468688
6090	-35.0214626130514
6100	-34.8054491064296
6110	-35.5380640850684
6120	-34.7398309031022
6130	-34.9291641838271
6140	-34.8242253749656
6150	-35.7233041302153
6160	-34.1457660115319
6170	-34.6545367948002
6180	-34.5597619056517
6190	-34.3460195777362
6200	-35.5032112209959
6210	-34.9699126774865
6220	-35.7273723682362
6230	-34.6970469389252
6240	-35.4754707141858
6250	-35.5309692787516
6260	-34.6307912156378
6270	-33.5814541677646
6280	-34.5387966851642
6290	-35.0675877045076
6300	-35.3205631339426
6310	-34.7977479345396
6320	-34.9933970304793
6330	-34.4158772363902
6340	-35.5763154281968
6350	-34.5692661072724
6360	-34.9340935285256
6370	-34.9548270195829
6380	-34.3067860239313
6390	-34.3100003755617
6400	-34.6086234940831
6410	-35.2866045854284
6420	-34.9462652309065
6430	-34.4776079183577
6440	-35.8013351501184
6450	-34.8837436175472
6460	-34.8979144951503
6470	-34.5034869014335
6480	-35.5616792728846
6490	-34.6936888898532
6500	-34.5566722303676
6510	-35.2104730824184
6520	-34.9451440224655
6530	-34.9969480085822
6540	-34.2534204232999
6550	-34.8370214778673
6560	-35.4886675902729
6570	-34.8964629277052
6580	-34.8428448475233
6590	-34.5891403010563
6600	-35.0356763801128
6610	-34.6704163629773
6620	-34.6772663643238
6630	-34.9898843675928
6640	-34.4584853914128
6650	-35.2019025163258
6660	-34.7196640982406
6670	-34.3467687669779
6680	-35.6508053426868
6690	-34.2754467049725
6700	-34.9150341441492
6710	-35.792122783208
6720	-34.75
6730	-34.8015853231834
6740	-34.754382645692
6750	-34.0561914796652
6760	-34.2555451009639
6770	-34.7368200542652
6780	-35.3985916228252
6790	-34.2026861410768
6800	-34.1672347427479
6810	-34.4994889767972
6820	-34.9862105353319
6830	-35.2458398455577
6840	-34.6771947895831
6850	-35.3514861893659
6860	-34.8638880408981
6870	-34.9569223733304
6880	-35.1554104396991
6890	-34.2641080411031
6900	-35.5141592394332
6910	-33.7466279103184
6920	-34.8030370520147
6930	-33.5019298098479
6940	-35.3165674597059
6950	-34.6012156719764
6960	-33.8894562887019
6970	-34.9083633917789
6980	-35.2980180776568
6990	-34.6021744478085
7000	-34.7092958329294
7010	-34.3963964296985
7020	-34.6618130422447
7030	-34.8220158123046
7040	-34.8414817566309
7050	-34.5200055664303
7060	-34.4137353686082
7070	-34.2873003958412
7080	-34.8813643661964
7090	-34.5412437588927
7100	-34.8820875537805
7110	-35.1406992707432
7120	-35.4347655293889
7130	-35.85
7140	-35.8989655337479
7150	-34.8268797814492
7160	-33.4771184229468
7170	-34.4870206372725
7180	-34.6073365350983
7190	-35.4972832884737
7200	-34.6926551436753
7210	-33.7916333121121
7220	-34.5054902245475
7230	-34.5556335811659
7240	-34.6728206396084
7250	-34.970709930038
7260	-33.9114693367553
7270	-34.4024227622763
7280	-34.1812995114011
7290	-34.0426033774283
7300	-33.9633245849893
7310	-35.2691358217206
7320	-34.6316847527809
7330	-34.702480022782
7340	-34.8413238625288
7350	-33.8830679997745
7360	-35.0921093218901
7370	-34.1679829900533
7380	-34.3114622116819
7390	-34.9540057420693
7400	-34.1663741042148
7410	-35.0154118540096
7420	-34.3502963449164
7430	-34.9427475237129
7440	-34.8693874621158
7450	-35.0351709889713
7460	-34.9314860428207
7470	-34.3747807132428
7480	-35.0030195715034
7490	-34.0812808425745
7500	-34.8788138006064
7510	-35.0542815578838
7520	-34.0976577758085
7530	-34.8704319247532
7540	-34.5506927666345
7550	-35.2209462955826
7560	-33.8019923997748
7570	-34.9990420590986
7580	-34.4598879408616
7590	-35.378521235562
7600	-35.0867240618725
7610	-34.6396590480809
7620	-34.1451519688376
7630	-35.9309649582147
7640	-34.5675180397334
7650	-34.9708922316929
7660	-35.0020589804974
7670	-35.0104091288648
7680	-34.0583671122784
7690	-33.858415271855
7700	-33.6196082867284
7710	-34.5223528104191
7720	-35.1097101283977
7730	-33.641711908922
7740	-34.7575011720478
7750	-34.0074372787517
7760	-35.153374447313
7770	-35.1844031625225
7780	-33.7063927450102
7790	-34.3552418797941
7800	-34.6024879427515
7810	-34.496631747433
7820	-34.0896527437776
7830	-34.56
7840	-34.5970398023904
7850	-34.2626333826498
7860	-35.1098042081843
7870	-34.7061380863373
7880	-35.4735873903217
7890	-34.9808613704518
7900	-34.3808527816094
7910	-34.6555651567926
7920	-34.92757450366
7930	-34.4446941342725
7940	-35.174950940316
7950	-34.5510298472162
7960	-33.5958927847847
7970	-34.5738085316178
7980	-33.9541956221193
7990	-34.2406719642966
8000	-34.9063753482407
8010	-35.3951734560859
8020	-34.7232849900942
8030	-34.9037851754307
8040	-36.3159634342581
8050	-34.4116703399428
8060	-36.1095722899919
8070	-34.8756732892478
8080	-34.4340817247014
8090	-35.1943487270412
8100	-35.2689660999489
8110	-35.3025353877503
8120	-35.7899280722858
8130	-36.0920372127186
8140	-35.6862792812441
8150	-34.0865793778737
8160	-35.7099412567436
8170	-35.8564659598602
8180	-35.6141674210511
8190	-35.4782122829618
8200	-37.867515759358
8210	-36.2305733909305
8220	-35.6585520293997
8230	-34.380463521432
8240	-36.370676438227
8250	-34.8685859988751
8260	-34.2830919773178
8270	-34.5486669713792
8280	-35.6899081465738
8290	-34.362158809969
8300	-35.1939728707879
8310	-34.3754400518594
8320	-35.3581715519768
8330	-34.9799819396093
8340	-34.3622440935445
8350	-34.6858304361076
8360	-34.5570285630593
8370	-35.262105524574
8380	-35.5817196445189
8390	-34.6250448360539
8400	-34.416704902035
8410	-34.8140869662194
8420	-35.7998571518599
8430	-34.6438763627887
8440	-34.7459906068254
8450	-33.9043368246932
8460	-34.8750903416091
8470	-35.7098487519458
8480	-34.0621188250758
8490	-35.0292031139757
8500	-34.7917103122455
8510	-34.675737912588
8520	-35.0522672524241
8530	-34.4346846641941
8540	-34.3410103900685
8550	-35.073255011367
8560	-33.68995861681
8570	-35.3999404042608
8580	-34.5376370945345
8590	-35.6806810245351
8600	-35.0027659723792
8610	-35.4285226603843
8620	-34.7422108112261
8630	-35.3918798230144
8640	-35.1481094041903
8650	-34.3070442695565
8660	-35.0990334902681
8670	-35.5364227074017
8680	-33.9204683798923
8690	-34.6982756538503
8700	-34.03773204479
8710	-35.0696148290048
8720	-34.7261779138016
8730	-35.3089173173995
8740	-35.385883482689
8750	-35.2383803231696
8760	-34.5671789217351
8770	-34.2283011802339
8780	-34.7258887027709
8790	-35.6407739172085
8800	-34.4280933787253
8810	-34.2091571930855
8820	-35.3515970631758
8830	-33.8653074372253
8840	-34.4292701936495
8850	-34.2141747811693
8860	-34.7003193248475
8870	-33.4578799439601
8880	-34.3517810727407
8890	-34.4871493182741
8900	-34.728592821818
8910	-33.8825377539726
8920	-34.3157005464983
8930	-34.8571506919233
8940	-34.2502085813206
8950	-35.3706320115708
8960	-35.0098171156407
8970	-34.8204496586341
8980	-34.4831619632379
8990	-34.3275213023128
9000	-35.1327560089273
9010	-34.7220923150238
9020	-34.0968752300054
9030	-34.6847864475138
9040	-34.7982040053231
9050	-33.5706403111321
9060	-33.5652759323248
9070	-34.7180829141973
9080	-34.6169016695079
9090	-34.1882445031114
9100	-33.7168639878316
9110	-34.8740344545707
9120	-35.3960058401126
9130	-34.7407366436926
9140	-34.7022708190038
9150	-34.9240033576146
9160	-34.9356706700819
9170	-35.5290046189664
9180	-36.1506513854301
9190	-35.4025244441654
9200	-35.0709074443442
9210	-34.4594337945639
9220	-34.4332802086823
9230	-35.3400181440909
9240	-33.4970752461229
9250	-34.6001313998204
9260	-34.4660749796785
9270	-35.008250138978
9280	-34.8281346682972
9290	-33.861005106726
9300	-34.5899253139417
9310	-33.9904232036728
9320	-34.6545549823563
9330	-34.6391079784483
9340	-34.3573679698135
9350	-34.6158687308726
9360	-34.3380076803189
9370	-34.3052822429844
9380	-35.1891677370477
9390	-34.2448054416874
9400	-33.1912637917112
9410	-34.6920589624917
9420	-34.7935699179725
9430	-34.5477603833395
9440	-35.152137491486
9450	-36.2238076767392
9460	-34.9358611031871
9470	-34.1526311568805
9480	-35.0997616752464
9490	-34.4546385864969
9500	-34.6866031046294
9510	-34.7658149202137
9520	-35.189168173271
9530	-34.8107214720867
9540	-34.83
9550	-35.4379909124454
9560	-33.8358481894845
9570	-33.5537991344654
9580	-34.4110297501873
9590	-35.2586717800037
9600	-34.0933443271921
9610	-34.9643624822101
9620	-34.7431122782695
9630	-34.7526241887396
9640	-34.6610297009045
9650	-34.3552215190049
9660	-35.431570122085
9670	-35.4465460044186
9680	-35.2242660036718
9690	-33.9152548520213
9700	-34.6015428325856
9710	-34.7765230896361
9720	-35.0792969310199
9730	-34.5268449288687
9740	-34.749950373902
9750	-34.3532941789645
9760	-34.4133947182979
9770	-35.0074601298913
9780	-34.411804619328
9790	-35.5055921287433
9800	-35.588493112139
9810	-34.6019373250329
9820	-34.0202370253168
9830	-34.480841826646
9840	-35.1426172098278
9850	-34.2613113888436
9860	-34.8996125640146
9870	-35.0099973772836
9880	-34.8752252966095
9890	-35.6229873474283
9900	-34.2735305274339
9910	-35.7007872559062
9920	-34.8306021512667
9930	-35.7338248631638
9940	-35.1419333759399
9950	-35.1080119971651
9960	-34.8091215841868
9970	-35.1429863570395
9980	-35.2584998537112
9990	-35.9779439182049
10000	-34.7562491518621
10010	-34.8168462279495
10020	-35.6499176582835
10030	-34.7736465067406
10040	-35.6741824180035
10050	-34.6793094639261
10060	-35.7153404737597
10070	-35.6602316766087
10080	-35.5110844282092
10090	-35.5672551718269
10100	-36.000232609235
10110	-36.0116524223238
10120	-35.4908640539231
10130	-35.3537369972984
10140	-35.5066552611672
10150	-35.0717193891525
10160	-35.6684353019671
10170	-36.1352632634935
10180	-34.5805816340607
10190	-35.2619575355307
10200	-36.1883750833189
10210	-36.9169425301256
10220	-36.1570973474747
10230	-36.4034699575136
10240	-35.6609336348679
10250	-35.3553956635122
10260	-34.9957196111741
10270	-35.5251825148832
10280	-35.1706206694806
10290	-34.6127467074101
10300	-35.2964948852215
10310	-34.5358744320126
10320	-35.9563421356581
10330	-35.260312769114
10340	-36.1355971426292
10350	-36.3368729820076
10360	-35.3029570034615
10370	-35.5654650065784
10380	-37.0141397823126
10390	-35.8842122622628
10400	-36.4069556179555
10410	-35.5130007367484
10420	-34.7957265764775
10430	-35.6077386679561
10440	-35.5849772034406
10450	-35.8220063952286
10460	-36.0734117097542
10470	-35.5819079147885
10480	-35.7288249848349
10490	-36.5499999930165
10500	-36.0625303792344
10510	-34.5009176280347
10520	-36.8816296329955
10530	-36.2858918241184
10540	-36.1027085024685
10550	-36.2743649875119
10560	-36.2198236465302
10570	-35.6028740492148
10580	-35.3281720310122
10590	-36.3018538803068
10600	-36.5021263366772
10610	-35.859587115862
10620	-36.7244129202474
10630	-36.0076353765011
10640	-37.8021765910344
10650	-36.0882562930149
10660	-36.7453618007575
10670	-36.4962844726473
10680	-36.3413441043227
10690	-37.148325341726
10700	-36.076598255265
10710	-35.972015037572
10720	-36.6474923191967
10730	-36.6586865069107
10740	-36.4709602295479
10750	-36.550043028814
10760	-36.8663150911903
10770	-36.4592162883119
10780	-36.5368455435404
10790	-37.4133382427587
10800	-35.5853564757349
10810	-35.8465859402567
10820	-36.736240886468
10830	-35.979403441442
10840	-36.4838224425192
10850	-35.7850946933462
10860	-36.6524899226004
10870	-35.9846756783333
10880	-36.3003253675279
10890	-37.6810854646376
10900	-36.8736476985744
10910	-37.1742031577109
10920	-36.3382807140574
10930	-36.7122483970831
10940	-36.1791446263583
10950	-37.1001663747775
10960	-37.8012875857058
10970	-36.0718593075652
10980	-37.0920752989371
10990	-36.5865069682831
11000	-37.2139925166181
11010	-36.6977402451195
11020	-36.4450258720548
11030	-36.460392965466
11040	-37.6689148767747
11050	-36.4484706958359
11060	-36.7883522021225
11070	-36.1715060771108
11080	-35.8911487227262
11090	-35.5029313438687
11100	-37.1882213275409
11110	-35.9046404289711
11120	-37.0802789939765
11130	-36.714286365275
11140	-36.8799195658176
11150	-36.6203962958373
11160	-37.5283340807607
11170	-36.76726064238
11180	-37.4322614869182
11190	-37.4255271242291
11200	-37.4660691582949
11210	-38.4243767780465
11220	-38.3429526149312
11230	-38.0395603111063
11240	-36.6377777454662
11250	-38.4903219082451
11260	-37.7686870350549
11270	-37.2154957426485
11280	-37.9482615947022
11290	-37.7126219604435
11300	-36.7001555373575
11310	-36.9390066193086
11320	-36.4441113762273
11330	-37.6137552289347
11340	-37.5464006645186
11350	-37.095250920382
11360	-35.5764968813042
11370	-36.1778591665847
11380	-36.3668670107707
11390	-37.4846460300594
11400	-36.0318057493262
11410	-36.9806251774596
11420	-36.4998577454838
11430	-37.3098127564055
11440	-36.2413471370176
11450	-36.2661195207217
11460	-38.1060777176733
11470	-36.1253646743922
11480	-37.4541564245791
11490	-37.8014326863392
11500	-38.5462990389901
11510	-38.6911055424398
11520	-39.9124585364953
11530	-40.8252562395809
11540	-40.7454763966696
11550	-39.7103964411069
11560	-39.2226713457012
11570	-39.1490887242045
11580	-39.7973634799551
11590	-40.2087618963142
11600	-40.7414076100329
11610	-42.1468642831417
11620	-40.5111460648609
11630	-38.9592396113346
11640	-39.7311821693421
11650	-40.7552961086779
11660	-41.8050719324313
11670	-40.3837823645076
11680	-39.1524823193519
11690	-40.533499845463
11700	-41.3102434477809
11710	-41.6808999519849
11720	-41.3967839228128
11730	-40.7552197930911
11740	-40.0204326950321
11750	-40.0181582503769
11760	-40.5455836375045
11770	-40.154171786092
11780	-39.4865856692133
11790	-39.4430841188033
11800	-40.0370859208678
11810	-41.078265348466
11820	-40.2629725784785
11830	-40.1529362973182
11840	-40.31912856365
11850	-40.2178941977543
11860	-40.0939483776365
11870	-40.0011467417486
11880	-39.8712249141505
11890	-39.8426218584794
11900	-40.0407172955836
11910	-40.2842560419115
11920	-40.6124185292693
11930	-41.1445607367071
11940	-40.7636999981066
11950	-39.8922259840861
11960	-40.5620075219851
11970	-41.0433386477416
11980	-40.0475794448576
11990	-40.0373421685678
12000	-40.6356692226132
12010	-41.2234730662957
12020	-41.2892524402988
12030	-38.8017845969645
12040	-39.1071488025299
12050	-41.3064177389166
12060	-41.2393550572596
12070	-41.1082778157736
12080	-40.9522035839285
12090	-40.4763741574777
12100	-39.4604457391921
12110	-40.527758681557
12120	-41.7570681537174
12130	-40.7081108475146
12140	-40.136223155618
12150	-41.1697633145161
12160	-41.362571232536
12170	-41.1945791769562
12180	-40.1914260814177
12190	-38.9723778790538
12200	-39.6688729123572
12210	-40.4507204304951
12220	-41.0525787234519
12230	-41.0944168811172
12240	-40.9681753875752
12250	-39.9355929214689
12260	-39.5147499223936
12270	-40.5762776465794
12280	-40.6115782327192
12290	-40.4705837978012
12300	-40.5300660569868
12310	-40.7150292828928
12320	-41.4285042934178
12330	-41.5739127277321
12340	-41.5390612287377
12350	-41.4667931658628
12360	-41.3065690774172
12370	-41.3798850347232
12380	-41.7374994996728
12390	-41.5888470384519
12400	-40.2760964697801
12410	-40.1707716137959
12420	-41.498353085831
12430	-41.840734877172
12440	-41.7649259191061
12450	-41.5777721723812
12460	-40.9384607022256
12470	-40.8551844382278
12480	-41.2721344316133
12490	-41.5902472558409
12500	-41.7671662206845
12510	-41.9310962160242
12520	-42.1572364797264
12530	-42.2899969067176
12540	-42.2801402661148
12550	-42.2518139984856
12560	-42.133589350255
12570	-41.6311586992759
12580	-41.0441954295964
12590	-40.2876566761489
12600	-39.9514864015409
12610	-40.8184304689978
12620	-41.3484660002939
12630	-39.8857444625948
12640	-39.373380061006
12650	-39.3131673458285
12660	-39.5031387717147
12670	-39.5806118534989
12680	-38.6512770457261
12690	-39.0566769971361
12700	-39.3375492466612
12710	-38.9491312109629
12720	-37.1347105074873
12730	-38.2051267450963
12740	-37.9174592443065
12750	-38.1885048400584
12760	-38.9769515822966
12770	-38.5133306051289
12780	-37.4250254422915
12790	-37.78623910641
12800	-37.8574280202704
12810	-38.4118198038352
12820	-38.8476429142882
12830	-39.023104918132
12840	-39.6098928523611
12850	-37.8401640566314
12860	-37.9724227791714
12870	-38.7242802987161
12880	-39.2903648741938
12890	-38.500156003661
12900	-39.4884864553613
12910	-39.4996098927866
12920	-39.2552234701468
12930	-39.4365553336623
12940	-39.7395027969471
12950	-40.1902403557735
12960	-40.77312351957
12970	-40.4142081717922
12980	-39.6406154996206
12990	-38.935270432422
13000	-39.4113159521483
13010	-40.8413435944329
13020	-40.197929128753
13030	-39.7545496568538
13040	-40.4631508504517
13050	-40.0255992108704
13060	-39.2364672969507
13070	-39.1401392146161
13080	-39.1330866166047
13090	-39.1521687659751
13100	-39.52586342441
13110	-39.541072839398
13120	-39.0840707538627
13130	-38.1427900539108
13140	-38.3701906815317
13150	-39.2166984243428
13160	-40.0656751491414
13170	-38.726065254277
13180	-38.2740215335294
13190	-37.8118420019273
13200	-37.371249453391
13210	-37.3646371237619
13220	-38.428555776237
13230	-38.2335575041136
13240	-37.8833214235558
13250	-37.7338548655788
13260	-37.7173659165476
13270	-37.9428857513794
13280	-38.5871804392953
13290	-36.6894614319821
13300	-37.6391399292572
13310	-37.5181806099164
13320	-38.3193537276701
13330	-37.9951702322202
13340	-37.8735571901736
13350	-38.1718255885086
13360	-37.4950489490653
13370	-37.0925813287653
13380	-35.9702605461494
13390	-36.201812425931
13400	-37.7602698330317
13410	-37.229415466403
13420	-37.3167243531057
13430	-37.7776525006069
13440	-37.3662515207101
13450	-37.3431979637754
13460	-37.9323291018071
13470	-38.9951877020164
13480	-39.3800019696591
13490	-39.0138473125925
13500	-37.8744504338859
13510	-37.5873070187087
13520	-37.6488794690164
13530	-37.9241224169557
13540	-37.3325204149804
13550	-37.3975322116158
13560	-36.9964915299912
13570	-37.7196021949371
13580	-37.8230244032678
13590	-37.6396496755608
13600	-37.1152291480818
13610	-36.4662913826528
13620	-37.1546676777239
13630	-37.5351199379443
13640	-37.4586623641732
13650	-37.9894915264272
13660	-37.1641216834468
13670	-37.9991660786864
13680	-37.9627764372262
13690	-37.408238316715
13700	-37.4158055108377
13710	-38.0163650494928
13720	-37.9420045149995
13730	-38.0458742471444
13740	-36.7374240796982
13750	-37.0580925250863
13760	-37.7055267459695
13770	-38.0936844450521
13780	-37.8479350859328
13790	-36.833501047705
13800	-37.0907197256055
13810	-37.3299538513382
13820	-36.737805043121
13830	-36.6505922376853
13840	-37.6481440016849
13850	-38.2775524916927
13860	-37.8014515156882
13870	-37.825425508414
13880	-39.2648164872861
13890	-39.047510215341
13900	-39.7395169495962
13910	-40.0626757118537
13920	-39.2729284701356
13930	-39.3067932852754
13940	-39.3434859116392
13950	-39.1872500662653
13960	-38.9507967574293
13970	-38.3008117582753
13980	-36.8159363367113
13990	-37.0672807700091
14000	-37.3904391588038
14010	-37.2425965774383
14020	-36.6957813341504
14030	-37.0668762130831
14040	-38.5341757351503
14050	-36.4505802659587
14060	-38.1500237335842
14070	-37.9922782652521
14080	-37.0115323872131
14090	-37.0651430184383
14100	-37.1433513015935
14110	-36.74
14120	-36.8956695920964
14130	-37.7667589062303
14140	-36.828694650494
14150	-36.479458649337
14160	-36.3297455877714
14170	-36.2406497500209
14180	-36.7543868495382
14190	-35.6138316576235
14200	-36.6252098907685
14210	-35.0263374764068
14220	-36.5147321707323
14230	-34.8114167393967
14240	-35.469373924326
14250	-35.5973114007718
14260	-35.9505032238064
14270	-36.7089268773918
14280	-36.0966219584106
14290	-36.7019947139945
14300	-35.7467310230998
14310	-35.3194718226548
14320	-36.1685065687793
14330	-36.8042944818285
14340	-35.8807255704002
14350	-35.7011708205683
14360	-35.5306908788833
14370	-35.8459226078423
14380	-36.2927563610969
14390	-36.2661422424669
14400	-34.9055349728405
14410	-34.9844630939864
14420	-34.4139196708278
14430	-35.2765345555386
14440	-35.987502077819
14450	-34.8907643105705
14460	-35.5325855309569
14470	-35.1232503077263
14480	-34.9202277586887
14490	-36.0149958494442
14500	-35.441822835435
14510	-34.9564790191066
14520	-35.6218779898116
14530	-36.4230554072794
14540	-36.1513140749946
14550	-37.208509493508
14560	-36.2491249472746
14570	-35.9519760765043
14580	-36.6440369643186
14590	-37.2600136768872
14600	-37.6255651914077
14610	-38.3014745396768
14620	-39.0725077129864
14630	-38.5231391639122
14640	-39.0709480618545
14650	-40.4824206127347
14660	-40.5614281121573
14670	-40.5724869626921
14680	-40.4214574104722
14690	-40.047241905136
14700	-39.2932790907128
14710	-38.7444645174022
14720	-38.3950159056046
14730	-39.1678912746176
14740	-39.7294753465838
14750	-38.8523457289925
14760	-38.8007676077166
14770	-39.2905570017002
14780	-39.442227550791
14790	-39.7686854007761
14800	-41.3480378577481
14810	-41.2381951615931
14820	-39.7118517271589
14830	-39.2023281733161
14840	-38.9949286025908
14850	-39.3697274031772
14860	-39.7208030545128
14870	-38.8343778086181
14880	-38.4516508611715
14890	-38.8247585523212
14900	-39.728564303101
14910	-40.3901556973578
14920	-39.6586643051226
14930	-39.4203330915425
14940	-39.5677327801167
14950	-39.9988019963103
14960	-40.5679222306466
14970	-40.294684712268
14980	-39.6841468807073
14990	-39.283277665078
15000	-39.1411257442016
15010	-39.8882526712839
15020	-40.2730874031033
15030	-39.6435768347723
15040	-39.2439073674237
15050	-39.0267580139151
15060	-39.1877897076381
15070	-39.478200673609
15080	-38.8935599203477
15090	-38.5365217653096
15100	-38.4354756507639
15110	-38.9256780105872
15120	-39.6804146119495
15130	-40.0030025623333
15140	-39.6746984384295
15150	-38.7607288175371
15160	-39.2760325581401
15170	-39.6165194950152
15180	-39.3312306145929
15190	-39.2631473343622
15200	-39.5611316583265
15210	-39.7733925536654
15220	-39.8994467150518
15230	-39.9
15240	-39.9148939148158
15250	-40.1758381087443
15260	-40.2288259513583
15270	-39.0253432496048
15280	-38.9513408660057
15290	-40.3300150795085
15300	-40.4258145907581
15310	-40.0688636050726
15320	-40.3303951751884
15330	-41.5457261437343
15340	-41.5763555678127
15350	-41.0373246866035
15360	-40.4499186711962
15370	-39.7667820075591
15380	-39.2231494198398
15390	-38.7858202560475
15400	-38.759507951338
15410	-39.1103915553206
15420	-39.41535150892
15430	-39.6188643717661
15440	-39.0407858355377
15450	-38.459208069748
15460	-40.6704469073733
15470	-41.8607852822121
15480	-40.1078055002887
15490	-39.583897220068
15500	-39.9842027269262
15510	-40.0886785832363
15520	-39.73956876229
15530	-39.7281410103417
15540	-40.3382475317069
15550	-40.5042047152044
15560	-40.0175941874291
15570	-39.8783673120659
15580	-40.2832643874161
15590	-40.263512489132
15600	-39.626557631579
15610	-39.4672436554843
15620	-40.1850021485126
15630	-40.3161008128727
15640	-39.9768592188796
15650	-39.7921830298939
15660	-39.7203025642969
15670	-39.8938627114019
15680	-40.7331472409534
15690	-41.2273763241403
15700	-41.5316832913761
15710	-41.6278073708998
15720	-40.962642810458
15730	-40.4000155461854
15740	-40.6296274352532
15750	-40.9817379780977
15760	-40.9900562682171
15770	-40.672425788256
15780	-40.4700851243991
15790	-40.8925123599455
15800	-41.4171109052496
15810	-41.3741039265532
15820	-41.1472566141491
15830	-40.7969518535176
15840	-39.8885878314114
15850	-39.446577546872
15860	-39.6315069187182
15870	-39.8294911906195
15880	-39.8725351896154
15890	-39.8899402824154
15900	-39.439473970776
15910	-39.0255690374083
15920	-39.4390497551525
15930	-39.661442144006
15940	-38.5132016955709
15950	-38.5654816846112
15960	-39.5057085396699
15970	-39.5634650193786
15980	-39.5001992357378
15990	-39.185339317509
16000	-39.1590480489181
16010	-39.9145552745805
16020	-39.9243255914078
16030	-38.8775099553189
16040	-39.3559108796877
16050	-40.5831376354032
16060	-40.4739756324409
16070	-39.9816257873361
16080	-40.1026684622208
16090	-40.3349232983606
16100	-39.9772623534139
16110	-39.3696760667281
16120	-39.519718254311
16130	-39.8955855553618
16140	-39.1946296342415
16150	-38.3602872176701
16160	-38.9630591817371
16170	-39.368290664806
16180	-38.2435788212333
16190	-38.3529822637981
16200	-39.359017859081
16210	-39.9637789290395
16220	-40.191152189821
16230	-39.7134268973359
16240	-39.4818940465563
16250	-39.7968271165012
16260	-39.7838886041949
16270	-39.2815625257002
16280	-39.4670273535432
16290	-40.4906408413344
16300	-40.718909877006
16310	-40.4951486627071
16320	-40.5046042240541
16330	-40.8313615424324
16340	-40.8073424471336
16350	-38.9641018690771
16360	-38.0079035503292
16370	-39.5385687470852
16380	-40.3248081532166
16390	-40.2161900667863
16400	-39.9314512474546
16410	-38.6249081465252
16420	-38.7157612689814
16430	-40.1852477526581
16440	-40.4717579515453
16450	-39.8784511928617
16460	-39.91534024493
16470	-40.7080822088877
16480	-41.0162403421519
16490	-41.1427322731594
16500	-41.1698802071364
16510	-40.8229850087609
16520	-40.3709435610802
16530	-40.0339477377466
16540	-39.7364803004093
16550	-39.4952474087595
16560	-39.296795347391
16570	-39.4313310335507
16580	-40.2594393347998
16590	-40.3473429512535
16600	-40.0284416590797
16610	-39.5126543468282
16620	-38.7364935141727
16630	-38.7724255559439
16640	-39.1029189120776
16650	-39.7866609704313
16660	-40.8070083777226
16670	-40.8078120181042
16680	-40.5301800632523
16690	-40.2786127160474
16700	-40.0486660682727
16710	-40.01
16720	-40.01
16730	-39.7126074800813
16740	-38.5940292966331
16750	-38.6047176277875
16760	-40.1744133405646
16770	-40.9430235464653
16780	-41.0565729499312
16790	-41.0129843000352
16800	-40.3875944609399
16810	-39.9601713599667
16820	-40.1785962259278
16830	-40.408786756543
16840	-40.2717265759139
16850	-39.9931199655731
16860	-39.7919248255077
16870	-39.6280192792613
16880	-39.7636956447696
16890	-40.5077790910523
16900	-40.6601242692683
16910	-40.2582988099956
16920	-40.0262082325158
16930	-40.7257986982373
16940	-41.44891290342
16950	-41.379933441814
16960	-41.1473800470942
16970	-40.7630186759431
16980	-39.9293246347412
16990	-39.3090418511122
17000	-39.0731435479496
17010	-38.886540574199
17020	-38.6604725274374
17030	-38.5512422767114
17040	-38.7955658825906
17050	-38.9412250709499
17060	-38.958545253949
17070	-39.2575807947744
17080	-39.8962375336704
17090	-39.4326010623869
17100	-38.8840051486381
17110	-39.4269012346846
17120	-39.7854315498518
17130	-38.2817671937098
17140	-37.8227452176086
17150	-37.8440255817652
17160	-38.5665319167935
17170	-39.4899302360899
17180	-39.2889930956639
17190	-38.6679632541898
17200	-37.5544272539921
17210	-38.2813475811413
17220	-39.3157696841239
17230	-39.6584336933914
17240	-39.4331940732079
17250	-37.789979499346
17260	-38.4411307811421
17270	-39.5096537036128
17280	-39.3901916905225
17290	-39.0079426446941
17300	-37.4312252378181
17310	-37.9532780676059
17320	-39.0799990989881
17330	-38.4754572609547
17340	-38.2766083717325
17350	-39.8019248888366
17360	-38.9896712710247
17370	-37.5800805841947
17380	-38.9147634188571
17390	-39.5677744497541
17400	-39.5431775609814
17410	-39.4475877653217
17420	-39.1642864611533
17430	-39.4639720736778
17440	-40.2573718894354
17450	-40.2741329965216
17460	-40.2054351143369
17470	-40.159394679415
17480	-40.122721196441
17490	-39.5038371023901
17500	-37.9936242794509
17510	-37.7844360625436
17520	-37.7801503630651
17530	-37.9034900467793
17540	-38.3052556634785
17550	-39.3609372064783
17560	-39.5693802253582
17570	-39.1645144290993
17580	-39.6866572093215
17590	-40.4320542479996
17600	-40.0050116325593
17610	-39.0610995482706
17620	-38.2752867881797
17630	-37.9857035706985
17640	-39.1409067622672
17650	-40.0086069668767
17660	-39.420589464314
17670	-38.9023149233777
17680	-38.645011214546
17690	-38.3720188973949
17700	-38.1325719610567
17710	-38.1287530365165
17720	-38.1671215993944
17730	-38.3465843834894
17740	-38.9113494799299
17750	-39.9616558586109
17760	-39.0451969528329
17770	-38.0823225253571
17780	-38.8362867359946
17790	-39.4036508878747
17800	-39.5522921253282
17810	-39.3332849805606
17820	-38.5159506815927
17830	-38.8458469148503
17840	-40.1621757568897
17850	-39.6806473065175
17860	-38.712431704187
17870	-38.4447680674212
17880	-38.3408769251785
17890	-38.7604577620971
17900	-38.903824775736
17910	-38.4973593294664
17920	-38.4240524077374
17930	-38.6337223481792
17940	-39.016396013053
17950	-39.5168862232923
17960	-39.9527511126721
17970	-40.2513821397162
17980	-40.3512316320776
17990	-40.3897066873646
18000	-40.2042120952497
18010	-39.9672179100057
18020	-40.0837700264934
18030	-40.3920154716978
18040	-40.2613284515322
18050	-39.7024663127192
18060	-39.5099713049942
18070	-39.7817442349469
18080	-39.9183225273582
18090	-38.2031840246717
18100	-37.3742602840191
18110	-38.4743048982424
18120	-39.0369568101456
18130	-38.8107610308091
18140	-38.849552801615
18150	-39.1306874370227
18160	-38.749192855141
18170	-38.2178734048866
18180	-39.1990002279774
18190	-39.9434477548733
18200	-40.0676636300273
18210	-39.9567250385602
18220	-37.7634271779449
18230	-37.6080624885214
18240	-39.0877176949864
18250	-39.300446616601
18260	-38.9723759478437
18270	-38.8047248823825
18280	-38.7300488305864
18290	-39.1620865139028
18300	-39.5886763976577
18310	-38.6138227314788
18320	-38.2623132000281
18330	-39.6313836000766
18340	-40.194274370674
18350	-39.964946356843
18360	-39.5295526653747
18370	-38.6862410881354
18380	-38.6518139958058
18390	-39.2779435870337
18400	-39.3607062437892
18410	-38.8828827435564
18420	-38.9049780137823
18430	-39.3131577753878
18440	-39.0156911924769
18450	-37.9227649121339
18460	-38.3036658539446
18470	-38.9199981852076
18480	-38.442396189494
18490	-38.2164940318141
18500	-40.1094170225261
18510	-40.6311132498526
18520	-39.999012995559
18530	-39.7513671579468
18540	-39.8901686318366
18550	-39.874620879455
18560	-39.0764155191698
18570	-38.7799348402801
18580	-39.4028975535366
18590	-39.8980020672334
18600	-39.7627716147129
18610	-39.467434150857
18620	-38.9062124364382
18630	-38.5200004446376
18640	-39.1363829161052
18650	-39.8153785428562
18660	-39.7735744432488
18670	-39.6594614195969
18680	-39.3403097035893
18690	-39.0904332919774
18700	-39.1935657532825
18710	-39.4490190964036
18720	-40.121025231663
18730	-40.9749132264182
18740	-40.777186967586
18750	-39.8938074091022
18760	-39.6532007501365
18770	-40.9366290907433
18780	-41.7146729745864
18790	-40.7472875209587
18800	-39.4237440641038
18810	-39.2824467114625
18820	-40.2113412278635
18830	-40.6606394854748
18840	-40.368603742991
18850	-39.9308641344828
18860	-39.581506639402
18870	-39.2519208988579
18880	-39.2097703979145
18890	-39.7316950713969
18900	-39.9325564797676
18910	-39.5829285240903
18920	-39.3105334072018
18930	-39.5942422653433
18940	-40.1025473442805
18950	-40.6136791168173
18960	-41.0882272380743
18970	-41.1959698361973
18980	-41.1500052519325
18990	-41.0648246290295
19000	-40.6969276576986
19010	-40.183514684618
19020	-40.0971271146965
19030	-40.1458104028095
19040	-40.2258607457143
19050	-40.3784885389767
19060	-40.660392488139
19070	-40.7657660847884
19080	-40.654382148801
19090	-40.4333905651565
19100	-39.910695401808
19110	-38.9346146575087
19120	-38.6665349309945
19130	-39.7274173022198
19140	-40.3987092076679
19150	-40.2968231001057
19160	-40.1621680135807
19170	-40.1466108734259
19180	-40.1731433494129
19190	-40.0047300166059
19200	-39.0388047041138
19210	-38.7964174175553
19220	-39.613808245884
19230	-40.4449888644066
19240	-40.7033541778956
19250	-40.8457585032002
19260	-40.7697516036994
19270	-40.418325979397
19280	-40.1904291990122
19290	-40.4716530801614
19300	-40.9094045727801
19310	-40.8941072189842
19320	-40.5597218892602
19330	-40.2399606752828
19340	-40.0441157640081
19350	-39.889363387804
19360	-39.8880140642233
19370	-40.3480627669504
19380	-40.7875649363731
19390	-40.8978035677156
19400	-40.9632379401755
19410	-41.0476120408665
19420	-41.2441470704747
19430	-41.4581166462878
19440	-41.43295048981
19450	-41.0016715556413
19460	-40.5555464257933
19470	-40.5015620146516
19480	-40.7136302317304
19490	-40.9715173154538
19500	-41.1489563639435
19510	-41.3129514136044
19520	-41.3987783234815
19530	-40.9982920669662
19540	-40.0838021292857
19550	-39.5322182747508
19560	-39.9002362868782
19570	-40.5470938588153
19580	-40.6674471688852
19590	-40.4126034878321
19600	-40.0753009039786
19610	-39.7381834000943
19620	-39.3826538677808
19630	-39.3356011279033
19640	-39.9631968198823
19650	-40.2717935788769
19660	-39.0564454821833
19670	-37.8389930572075
19680	-38.7893595215575
19690	-40.5771436845626
19700	-40.7069226898238
19710	-40.6113312928443
19720	-40.3554978350266
19730	-39.6842471164693
19740	-39.3236816609511
19750	-39.9986720181381
19760	-40.7178045245702
19770	-40.5803411555565
19780	-40.2574304441964
19790	-40.1112421443547
19800	-40.1854785078259
19810	-40.2997537671
19820	-40.4124407014176
19830	-40.5222181089601
19840	-40.466706625932
19850	-39.6622269624795
19860	-38.9548068189204
19870	-39.2298452810777
19880	-40.009317214522
19890	-40.6896445873591
19900	-41.4220210135845
19910	-41.9206273997049
19920	-41.7697869702687
19930	-41.0655180643859
19940	-40.7538825002536
19950	-40.8694152912467
19960	-41.0369201058643
19970	-41.1098323646324
19980	-41.0933224712726
19990	-41.0532342230713
20000	-40.9787898295257
20010	-40.6159314479182
20020	-40.2060604037842
20030	-40.1759073446311
20040	-40.569038288193
20050	-40.9972479656332
20060	-41.0811539563992
20070	-40.9255563510704
20080	-40.7868910038699
20090	-40.8651589335489
20100	-41.1103059586138
20110	-41.2983829210801
20120	-41.2895295825532
20130	-41.2060180286537
20140	-41.0776423735018
20150	-40.7486493637011
20160	-40.1868182287444
20170	-39.947875820888
20180	-40.4091884611173
20190	-41.148635598466
20200	-41.5590029613056
20210	-41.4146320818251
20220	-41.1330489126458
20230	-41.0004545003864
20240	-41.0470854817907
20250	-41.1173097402048
20260	-41.1157752667059
20270	-40.7579241173193
20280	-40.2977560928805
20290	-40.1521277832245
20300	-40.3975290315572
20310	-40.7197839166041
20320	-40.8625747580752
20330	-40.9292620532652
20340	-40.9993828666127
20350	-41.170224940819
20360	-41.800589125278
20370	-42.4340647606331
20380	-42.423684755537
20390	-41.765927462196
20400	-41.0564395354979
20410	-40.870278162884
20420	-40.9981497985889
20430	-41.171135340289
20440	-41.2599685816945
20450	-41.1404742500973
20460	-40.9129249858138
20470	-40.7900001144052
20480	-40.9113208064552
20490	-41.1942215855324
20500	-41.5178731581623
20510	-41.7847185105745
20520	-42.0775277882328
20530	-42.3085740039326
20540	-42.3455689706384
20550	-42.1991027310844
20560	-41.9901325496
20570	-41.8381231470002
20580	-41.8366714236651
20590	-41.9160180263896
20600	-42.0047181445756
20610	-42.0343431609457
20620	-41.651444372209
20630	-40.9765700885443
20640	-40.445020301314
20650	-40.2084557726989
20660	-40.0167480568321
20670	-39.9042985307323
20680	-40.0294953088311
20690	-40.7426984521189
20700	-41.3913433370277
20710	-41.4538625572704
20720	-41.421393234921
20730	-41.3652295831884
20740	-41.1713967252545
20750	-40.6408830967896
20760	-40.2267405232863
20770	-40.4044344598606
20780	-41.0498175962345
20790	-41.5557423213659
20800	-41.6579703876406
20810	-41.708606346683
20820	-41.7581691434831
20830	-41.8587584265796
20840	-42.1521008176977
20850	-42.4843382621681
20860	-42.603930880847
20870	-42.3379951885146
20880	-41.8744999258754
20890	-41.4850979912544
20900	-41.4
20910	-41.4
20920	-41.4
20930	-41.4
20940	-41.2978284090099
20950	-41.0323272829074
20960	-40.7338758757235
20970	-40.459967111883
20980	-40.1423124999503
20990	-39.9145312398666
21000	-39.890804054026
21010	-39.9626650360566
21020	-40.0733187150515
21030	-40.2730392888524
21040	-40.5724266798494
21050	-40.844000886988
21060	-41.1074236646885
21070	-41.3335363344665
21080	-41.375969269447
21090	-40.9576326945214
21100	-40.5296826113855
21110	-40.5593236710182
21120	-40.7870596064473
21130	-41.0952776313257
21140	-41.4064496314857
21150	-41.8473786611979
21160	-42.244772568016
21170	-42.3089214254439
21180	-41.7761902646934
21190	-41.0450160849883
21200	-40.651224507915
21210	-40.6600168417518
21220	-40.6858490440907
21230	-40.7173062375808
21240	-40.7488248861201
21250	-40.7884235301876
21260	-40.845163888176
21270	-40.9983808616629
21280	-41.2955755276325
21290	-41.5449645435389
21300	-41.5342840790294
21310	-41.1760346529847
21320	-40.8055085567863
21330	-40.673809272798
21340	-40.597644617012
21350	-40.534460784236
21360	-40.4579460079213
21370	-40.3718364000025
21380	-40.3152978846038
21390	-40.3850134345867
21400	-40.6563563611786
21410	-40.8199959620469
21420	-40.693348094925
21430	-40.461126262219
21440	-40.34
21450	-40.34
21460	-40.34
21470	-40.3283568629071
21480	-40.2758641661996
21490	-40.2269850228243
21500	-40.3963313713581
21510	-41.2193584260691
21520	-41.8875626704502
21530	-41.8170781399772
21540	-41.525510442366
21550	-41.3169000761324
21560	-41.4707454680383
21570	-41.9388013677173
21580	-42.4163713715169
21590	-42.5970134061785
21600	-42.3960254238877
21610	-42.0231770396541
21620	-41.6803228764077
21630	-41.447681340433
21640	-41.2212538941159
21650	-41.0536727823748
21660	-41.0018271211554
21670	-41.0888217423643
21680	-41.239208029568
21690	-41.3598861648861
21700	-41.3344609617765
21710	-41.0616777170188
21720	-40.7788591746493
21730	-40.7204198012249
21740	-40.7243004667363
21750	-40.7317264603997
21760	-40.7427954486561
21770	-40.7808941729361
21780	-40.8411195247135
21790	-40.9063645342153
21800	-41.0000004399468
21810	-41.0877681001422
21820	-41.1139062170489
21830	-40.7856681853266
21840	-40.325544415281
21850	-40.2156336296374
21860	-40.3835579016392
21870	-40.6232679888653
21880	-40.8095251808881
21890	-40.960121205432
21900	-41.126933549832
21910	-41.3606176791774
21920	-41.9023252570112
21930	-42.5408963788288
21940	-42.8187514199583
21950	-42.5731066436514
21960	-42.0609592188264
21970	-41.5131882956784
21980	-41.0911778130631
21990	-40.6858361394751
22000	-40.3114707516609
22010	-39.9920203397639
22020	-39.6670514970515
22030	-39.4348445323939
22040	-39.4897206102683
22050	-40.0097139302726
22060	-40.5956779141192
22070	-40.8254456951085
22080	-40.8861490598286
22090	-40.9450857994484
22100	-41.0873039417499
22110	-41.2968559639535
22120	-41.433716608104
22130	-41.2546955699577
22140	-40.7365351120271
22150	-40.3941756015977
22160	-40.4041928777182
22170	-40.4346796167568
22180	-40.4493144188557
22190	-40.2964606247091
22200	-39.9777857369349
22210	-39.6370373948043
22220	-39.2436410176191
22230	-38.8419884523326
22240	-38.4490900330123
22250	-38.1295883388282
22260	-38.2542406352049
22270	-38.9274376979902
22280	-39.3889076481377
22290	-39.6289562670728
22300	-39.9865334277294
22310	-40.6723606396812
22320	-41.1760896781936
22330	-41.0965446425918
22340	-40.8453764234349
22350	-40.797376030521
22360	-41.0762482968736
22370	-41.4222610161275
22380	-41.5487971621969
22390	-41.5119992299392
22400	-41.4572300092499
22410	-41.4301034712925
22420	-41.5794890360532
22430	-41.8680575593255
22440	-42.0821252174944
22450	-42.0146453487434
22460	-41.6787496349777
22470	-41.2953759325732
22480	-41.0917460105598
22490	-41.1996761112629
22500	-41.4511225198212
22510	-41.6437572560495
22520	-41.6013093768311
22530	-41.3582366230023
22540	-41.0445123899981
22550	-40.7893774859555
22560	-40.6214103253508
22570	-40.4680790851362
22580	-40.2754075314799
22590	-39.9796814300136
22600	-39.5843428967236
22610	-39.129489505351
22620	-38.5347021097185
22630	-38.0606323115149
22640	-37.8190452995739
22650	-37.6914919016881
22660	-37.7228794875413
22670	-37.8252888975157
22680	-38.5992651444413
22690	-39.5500473238637
22700	-39.7110739592679
22710	-39.7519725078321
22720	-39.216162021424
22730	-38.6336164296795
22740	-39.2955462955762
22750	-40.8388325904126
22760	-41.3629857644939
22770	-41.5410492581364
22780	-41.6317324204136
22790	-41.6316220248412
22800	-41.586311307065
22810	-41.511819213773
22820	-41.3420628008041
22830	-40.9526900414756
22840	-40.6403631594624
22850	-40.7210387055708
22860	-41.1930858356957
22870	-41.7588923436201
22880	-42.1112518800664
22890	-42.0602526357271
22900	-41.8377551536764
22910	-41.6315504032892
22920	-41.6026342613567
22930	-41.7002728992643
22940	-41.83205436153
22950	-41.9222571481358
22960	-41.8485433243364
22970	-41.5245161091102
22980	-41.1695523393131
22990	-41.021471490626
23000	-41.2518443785753
23010	-41.7246774362967
23020	-42.2234824856552
23030	-42.5455498551437
23040	-42.7904680413659
23050	-43.0129264861453
23060	-43.1817752037317
23070	-43.2658642083753
23080	-43.2581248345317
23090	-43.2084205716757
23100	-43.1276221264877
23110	-43.0240416567391
23120	-42.818201634139
23130	-42.3555774149375
23140	-41.8119883481546
23150	-41.3818277373714
23160	-41.2543526818706
23170	-41.3832198105443
23180	-41.6172093831746
23190	-41.8562524383559
23200	-42.0002800146826
23210	-41.9910192509625
23220	-41.9187726885556
23230	-41.8323854881125
23240	-41.7751409004325
23250	-41.8944032685865
23260	-42.4538083438942
23270	-43.2209302437794
23280	-43.9259192448546
23290	-44.2989256237322
23300	-44.20476067542
23310	-43.8622737965642
23320	-43.4138035377737
23330	-42.9969593248296
23340	-42.7306398613233
23350	-42.5069692624854
23360	-42.3039000320214
23370	-42.1519504698793
23380	-42.0816388760071
23390	-42.0929617823316
23400	-42.133880051665
23410	-42.1872699559301
23420	-42.237039062957
23430	-42.2670949405757
23440	-42.2637802239553
23450	-42.2347389857437
23460	-42.1969112767251
23470	-42.1671084827351
23480	-42.1607448446804
23490	-42.1713167509984
23500	-42.193235719967
23510	-42.2250112746019
23520	-42.2651529379188
23530	-42.3438349787437
23540	-42.5329872687725
23550	-42.778704398803
23560	-43.0182573011767
23570	-43.1979951495482
23580	-43.3714049621781
23590	-43.5411268742735
23600	-43.6827410544448
23610	-43.7718276713021
23620	-43.7456827271079
23630	-43.2419060916768
23640	-42.4268904465962
23650	-41.6166626077767
23660	-41.1272493911287
23670	-41.1347382313723
23680	-41.3196531813161
23690	-41.5588236779911
23700	-41.7542316079453
23710	-41.8404865637842
23720	-41.9048447679256
23730	-41.9576059836271
23740	-41.99412202531
23750	-42.0097447073958
23760	-42.0094004597961
23770	-42.0072381951593
23780	-42.0035722065704
23790	-41.9895283703474
23800	-41.828332927648
23810	-41.5645333266833
23820	-41.3173798627294
23830	-41.1955319026996
23840	-41.1353268927226
23850	-41.0900883721069
23860	-41.0493229756728
23870	-41.0068556755978
23880	-40.9672611479149
23890	-40.9308764508393
23900	-40.8968165581225
23910	-40.8590834645346
23920	-40.8262563565076
23930	-40.8102296643309
23940	-40.9050441264062
23950	-41.1379950563157
23960	-41.3268518337129
23970	-41.3954431320002
23980	-41.4486585771155
23990	-41.4821212511398
24000	-41.4899362618723
24010	-41.4886377473094
24020	-41.4856150030166
24030	-41.4808009624964
24040	-41.1021505417315
24050	-40.2299016787481
24060	-39.7112540622036
24070	-39.8889735515931
24080	-40.3199722919355
24090	-40.7836065583876
24100	-41.089277690814
24110	-41.3471836578988
24120	-41.5238067108083
24130	-41.4316569113523
24140	-40.7434425886576
24150	-39.9773211806613
24160	-39.779253547169
24170	-40.7323062711306
24180	-42.1125558895862
24190	-42.8765317271716
24200	-42.7694656961074
24210	-42.4898459360984
24220	-42.1727809909604
24230	-41.9423348553752
24240	-41.7818702309951
24250	-41.6330140215685
24260	-41.4524830799262
24270	-41.1492962564131
24280	-40.6053802269703
24290	-40.1281135338717
24300	-40.0244254874695
24310	-40.0746676305385
24320	-40.1720023554701
24330	-40.3052819052097
24340	-40.6835273066439
24350	-41.4344915157812
24360	-42.0866881234714
24370	-42.2125116515873
24380	-42.0599069265302
24390	-41.8757842346478
24400	-41.8104077778197
24410	-41.8218925180218
24420	-41.8410259796526
24430	-41.8567702502671
24440	-41.814244074992
24450	-41.4419750405653
24460	-40.9837692910202
24470	-40.7888024703882
24480	-40.7801787125507
24490	-40.7742131599381
24500	-40.7708515423252
24510	-40.7739071495821
24520	-40.9038829628341
24530	-41.0998302247855
24540	-41.1999715614331
24550	-40.6625270410103
24560	-39.7225228113593
24570	-39.3412842232951
24580	-39.3926838921841
24590	-39.5001060204055
24600	-39.6430842986428
24610	-39.950253833358
24620	-40.3125362592839
24630	-40.5414890568521
24640	-40.7061748571928
24650	-40.8643952450374
24660	-41.0594541557142
24670	-41.2833302226907
24680	-41.4843544344084
24690	-41.6248879420462
24700	-41.74824549702
24710	-41.8286223293729
24720	-41.7811490019931
24730	-41.4307114369903
24740	-40.9873440485411
24750	-40.7120856665512
24760	-40.8336012976709
24770	-41.2409886565949
24780	-41.6271615381402
24790	-41.7277142831674
24800	-41.7433301741832
24810	-41.7538657270147
24820	-41.7592540146331
24830	-41.7302396739143
24840	-41.5280289498052
24850	-41.279995576675
24860	-41.1600091569829
24870	-41.3323897987143
24880	-41.6836702585609
24890	-41.9733776309307
24900	-41.9232424841364
24910	-41.3294188951716
24920	-40.5716539836607
24930	-40.0937520878443
24940	-40.1807003322448
24950	-40.5511845055997
24960	-40.9688335837881
24970	-41.2750909867222
24980	-41.587153883948
24990	-41.8447141500667
25000	-41.9595723389333
25010	-41.751854329748
25020	-41.2722243837481
25030	-40.837736744884
25040	-40.7855623879032
25050	-41.3962998039868
25060	-42.2097277172581
25070	-42.6296976065766
25080	-42.5722391978328
25090	-42.4346203333365
25100	-42.2809522601756
25110	-42.1750870120269
25120	-42.1852810960535
25130	-42.3338576964877
25140	-42.5244832281469
25150	-42.6506372826081
25160	-42.6501707031175
25170	-42.6095758471566
25180	-42.5541817674788
25190	-42.5022602385355
25200	-42.4720830347779
25210	-42.5361172260525
25220	-42.802104864869
25230	-43.1500487188503
25240	-43.4467624466219
25250	-43.5579661138669
25260	-43.228749035696
25270	-42.5485196857558
25280	-41.8224795871916
25290	-41.3558302631484
25300	-41.363185226746
25310	-41.6191055033007
25320	-41.9803802817225
25330	-42.3271318788263
25340	-42.5394826114275
25350	-42.5112172682305
25360	-42.2757528256686
25370	-41.9437437486184
25380	-41.6262749724238
25390	-41.381927997677
25400	-41.1208878293619
25410	-40.891212279581
25420	-40.7546960497417
25430	-40.8166036817567
25440	-41.195184708455
25450	-41.6701437207117
25460	-41.9906923095795
25470	-41.9394633843208
25480	-41.6131102068927
25490	-41.2708683692686
25500	-41.1609347810422
25510	-41.1834551628875
25520	-41.2279460498444
25530	-41.283590639758
25540	-41.3449648879923
25550	-41.4470104865548
25560	-41.5514764383596
25570	-41.5999948248327
25580	-41.5424367119724
25590	-41.3988391335006
25600	-41.2166095132012
25610	-41.0402907680302
25620	-40.807474987877
25630	-40.5639855153341
25640	-40.4324901025692
25650	-40.6294309737826
25660	-41.1418765977104
25670	-41.5854719453024
25680	-41.6516231673573
25690	-41.5894164541228
25700	-41.478924680823
25710	-41.3349320324641
25720	-40.9753501663959
25730	-40.4001250661387
25740	-40.0630521520223
25750	-40.1449269985577
25760	-40.3523725988102
25770	-40.5473027391064
25780	-40.628368168544
25790	-40.6675096197489
25800	-40.7069992538325
25810	-40.7891301191046
25820	-41.125700564688
25830	-41.5253460297968
25840	-41.6393232618084
25850	-41.4530688658897
25860	-41.1348260614765
25870	-40.8155107957254
25880	-40.5084027369365
25890	-40.1829383055677
25900	-40.0205376410719
25910	-40.101213197801
25920	-40.3223355104848
25930	-40.6174741969037
25940	-40.9611803970241
25950	-41.5561162973797
25960	-42.1551462047846
25970	-42.4097928540242
25980	-42.3338964108633
25990	-42.1653739102586
26000	-41.9686893161066
26010	-41.7760502153677
26020	-41.5423886693593
26030	-41.3065635569243
26040	-41.11438045039
26050	-40.9698767092045
26060	-40.8353319459618
26070	-40.7424340156262
26080	-40.7421364916376
26090	-41.0694655406591
26100	-41.5817615605992
26110	-42.0114799345221
26120	-42.1045230872697
26130	-41.907444272105
26140	-41.6157535914297
26150	-41.3984762627705
26160	-41.3784788624582
26170	-41.4208267033337
26180	-41.4662716001741
26190	-41.457864711643
26200	-41.0936328347659
26210	-40.5386895788244
26220	-40.1284696093084
26230	-40.0985312770684
26240	-40.2039573797304
26250	-40.3797223346646
26260	-40.6265947256456
26270	-41.3403385759861
26280	-42.2325055036916
26290	-42.74130821078
26300	-42.5415931738755
26310	-41.9827081491061
26320	-41.4083316662206
26330	-41.1558383642344
26340	-41.121681721696
26350	-41.0991763709691
26360	-41.0901020155139
26370	-41.1108989895855
26380	-41.1699410093125
26390	-41.2423606178632
26400	-41.3029816213257
26410	-41.3455645424547
26420	-41.3865915704251
26430	-41.4145537914357
26440	-41.4140750014478
26450	-41.3546864913581
26460	-41.2504135125343
26470	-41.1247508940438
26480	-40.9341850522796
26490	-40.6346749939972
26500	-40.3690693706462
26510	-40.300429270262
26520	-41.0013554403051
26530	-42.0966856903057
26540	-42.7588831340753
26550	-42.3921505295507
26560	-41.4002918223017
26570	-40.4259165916734
26580	-40.0924817808376
26590	-40.1817918607711
26600	-40.3640977579508
26610	-40.5912096578995
26620	-40.9711169256622
26630	-41.5502930629611
26640	-42.0242209085586
26650	-42.1262020565116
26660	-42.0815751341927
26670	-41.9932900120529
26680	-41.8695853523496
26690	-41.638613084047
26700	-41.0360247698765
26710	-40.4312368384283
26720	-40.188234741447
26730	-40.0480607027503
26740	-39.9509162378056
26750	-39.9104131111933
26760	-40.0198682913241
26770	-40.2639684329559
26780	-40.4095201092264
26790	-40.3630112615852
26800	-40.26339426007
26810	-40.1932921671364
26820	-40.4092724156049
26830	-41.0903851228138
26840	-41.7626609790187
26850	-42.01372371473
26860	-42.1326044580111
26870	-42.2052435295159
26880	-42.1753937654366
26890	-41.6789027576176
26900	-40.9664710125564
26910	-40.4603938998476
26920	-40.4842789641759
26930	-40.8202913085019
26940	-41.2500927829228
26950	-41.5753984300403
26960	-41.7601837615165
26970	-41.9264416415696
26980	-42.0460375849075
26990	-42.0899716294201
27000	-42.0658753270666
27010	-42.0004343467934
27020	-41.8990323594129
27030	-41.7633033185851
27040	-41.1803867758424
27050	-40.3090446897593
27060	-39.7806693288346
27070	-39.9220358884379
27080	-40.3357344497068
27090	-40.7574433807653
27100	-40.9268409682795
27110	-40.4789739682215
27120	-39.6400790355916
27130	-38.8306389528493
27140	-37.8537137038568
27150	-37.2770861668396
27160	-37.7521924699761
27170	-38.6638337279319
27180	-38.8490470622867
27190	-38.6253877895828
27200	-38.3293666422501
27210	-37.9201236012792
27220	-37.8019913759253
27230	-37.8281700238294
27240	-37.9568095687498
27250	-38.6488864829903
27260	-38.8523154637072
27270	-38.5445298494076
27280	-38.3806389173205
27290	-38.4000486030619
27300	-38.3677003684596
27310	-37.7679593848162
27320	-37.3108694404313
27330	-37.2037549361395
27340	-37.0248538461243
27350	-36.6732274751045
27360	-36.664306235289
27370	-36.9841543936444
27380	-38.0403662910152
27390	-39.7406279191295
27400	-40.3203455217416
27410	-40.6816581023933
27420	-40.8905830350592
27430	-41.0250048061635
27440	-41.1405822504446
27450	-41.2744061289766
27460	-41.393697060069
27470	-41.4497085335641
27480	-41.1742466556314
27490	-40.566731258585
27500	-40.1193181835331
27510	-40.2636886503092
27520	-40.852922729677
27530	-41.4260054218875
27540	-41.562504604356
27550	-41.4783980276719
27560	-41.3528934478985
27570	-41.2517071966325
27580	-41.2736499711726
27590	-41.6649439848913
27600	-42.1635807107691
27610	-42.3998881840621
27620	-42.284299507593
27630	-42.0369224270214
27640	-41.783997091878
27650	-41.6517636516933
27660	-41.7860464822734
27670	-42.1605640204107
27680	-42.5931245408242
27690	-42.9004826377484
27700	-42.8390488459181
27710	-42.1059331656857
27720	-41.1447867079671
27730	-40.5003557161598
27740	-40.5398493139169
27750	-40.9083624185348
27760	-41.3854206365661
27770	-41.7775216711689
27780	-41.8976997562569
27790	-41.8311435748708
27800	-41.7176590766454
27810	-41.618378700634
27820	-41.5905981709109
27830	-41.6009841301076
27840	-41.6168987633033
27850	-41.6286426424295
27860	-41.558789263888
27870	-41.2154288459491
27880	-40.7915035524755
27890	-40.5181231813289
27900	-40.5275640709003
27910	-40.6373121000793
27920	-40.78735703549
27930	-40.9348322555163
27940	-41.1050124808044
27950	-41.2951008702443
27960	-41.4822189185978
27970	-41.6475506890091
27980	-41.8249916069568
27990	-41.9839126646413
28000	-42.0676109820163
28010	-42.0775631095048
28020	-42.0840577061593
28030	-42.0881904176688
28040	-42.0899379085529
28050	-42.0842413732668
28060	-42.0610022949316
28070	-42.022233814763
28080	-41.9704042016193
28090	-41.8717250006899
28100	-41.5745821251248
28110	-41.2199197660895
28120	-40.9945198069585
28130	-41.015891673943
28140	-41.1515971938616
28150	-41.320979798894
28160	-41.4510663902021
28170	-41.4797945372203
28180	-41.4770847419842
28190	-41.4711438094345
28200	-41.46186326082
28210	-40.9231998767771
28220	-39.5752350095472
28230	-38.6097616111945
28240	-38.5426879678443
28250	-38.5200962850778
28260	-38.5103663164175
28270	-38.8097068651311
28280	-39.5577054952038
28290	-39.7175120800997
28300	-38.6161004022878
28310	-37.6379808737489
28320	-37.6495817660966
28330	-37.7621832225715
28340	-38.0436686576884
28350	-38.3500800751033
28360	-38.2188665229472
28370	-37.8758855807964
28380	-38.1107055041341
28390	-38.8490887416131
28400	-38.451246595482
28410	-37.5395811056544
28420	-37.409249887895
28430	-37.4005107675313
28440	-37.6030581474625
28450	-38.1038177441141
28460	-38.2664249329436
28470	-38.351319209845
28480	-38.2520662331584
28490	-37.8914485268549
28500	-37.6530463093458
28510	-37.4834160844433
28520	-37.6548035310962
28530	-38.3128193901792
28540	-39.14265811476
28550	-40.2125521775015
28560	-40.9313411810302
28570	-41.4643313319117
28580	-41.7953928242957
28590	-41.7931082830345
28600	-41.6383877378626
28610	-41.5092498668054
28620	-41.5388315013849
28630	-41.6821402508363
28640	-41.8498160384491
28650	-41.9540971564567
28660	-41.8749739893014
28670	-41.5710921026983
28680	-41.2061733246522
28690	-40.9512329774345
28700	-40.8131245809239
28710	-40.6944968229041
28720	-40.6174174998395
28730	-40.6252195321584
28740	-40.9647547933837
28750	-41.4848301807219
28760	-41.9079904519525
28770	-41.9791695256805
28780	-41.7777352509082
28790	-41.4787868666059
28800	-41.2272753337477
28810	-41.1304808177403
28820	-41.0876455933741
28830	-41.0476425649973
28840	-40.9701031829997
28850	-40.6477370491358
28860	-40.188616035586
28870	-39.8741330877823
28880	-40.0691804173302
28890	-40.9199167953975
28900	-41.9138805246149
28910	-42.5072046934572
28920	-42.4523134328208
28930	-42.1979954758177
28940	-41.8872419394012
28950	-41.6467675343022
28960	-41.4872348492679
28970	-41.339250166966
28980	-41.23666405958
28990	-41.2298938861529
29000	-41.6079926434275
29010	-42.2330905126118
29020	-42.797572932513
29030	-42.9957129839177
29040	-42.7534605677642
29050	-42.28734955965
29060	-41.8040631762317
29070	-41.5102846341657
29080	-41.4905043461788
29090	-41.4929886939038
29100	-41.4975339439362
29110	-41.504124261248
29120	-41.5243239088648
29130	-41.7071506365254
29140	-41.9861156147713
29150	-42.2158806902851
29160	-42.2353378034162
29170	-41.838710653823
29180	-41.2099996195953
29190	-40.6157533221119
29200	-40.3225203827515
29210	-40.6619971377951
29220	-41.5325129210888
29230	-42.4423137405597
29240	-42.8978689909674
29250	-42.8061814430845
29260	-42.5721325180441
29270	-42.3168806298749
29280	-42.1600138390891
29290	-42.1676252322243
29300	-42.2405624229671
29310	-42.3487026389179
29320	-42.4687216276986
29330	-42.577295136931
29340	-42.6877145295628
29350	-42.8163846053426
29360	-42.938113484387
29370	-43.0276772881878
29380	-43.0591068715714
29390	-42.8231832614384
29400	-42.3175332460733
29410	-41.756710701491
29420	-41.3552695037064
29430	-41.295189953242
29440	-41.4327766514585
29450	-41.6710339974292
29460	-41.9576683885134
29470	-42.24038622207
29480	-42.5015927213892
29490	-42.8255002845342
29500	-43.164160245336
29510	-43.4542688169979
29520	-43.6325222127234
29530	-43.5996534722557
29540	-43.1588442621864
29550	-42.4868823545618
29560	-41.8192773750113
29570	-41.3915389491644
29580	-41.3980222773545
29590	-41.7095282558894
29600	-42.128524340173
29610	-42.4686222767829
29620	-42.5435992198205
29630	-42.2686555210219
29640	-41.787726988338
29650	-41.2746258181111
29660	-40.9031642066836
29670	-40.8408762939023
29680	-41.0796168085231
29690	-41.4442592177328
29700	-41.7568125770359
29710	-41.8463504407823
29720	-41.7680927222269
29730	-41.6383857558143
29740	-41.5245274458704
29750	-41.4930409694356
29760	-41.5663727005781
29770	-41.7125630357899
29780	-41.8981325430066
29790	-42.0896017901637
29800	-42.3235924915804
29810	-42.6417628446052
29820	-42.958729483679
29830	-43.1878754595201
29840	-43.2454401432567
29850	-43.1457526666061
29860	-42.9547041910708
29870	-42.7242518859491
29880	-42.506352920539
29890	-42.326643564619
29900	-42.1318244332586
29910	-41.9443971163273
29920	-41.7951551166386
29930	-41.7141956539777
29940	-41.6701623839734
29950	-41.633024244896
29960	-41.6044835726134
29970	-41.5862427029937
29980	-41.5800494464127
29990	-41.6548780687349
30000	-41.8162202352091
30010	-41.9816467674713
30020	-42.0687284871573
30030	-41.9962455745115
30040	-41.7908086295659
30050	-41.5520299941145
30060	-41.3799597521957
30070	-41.3831999943974
30080	-41.6337711496426
30090	-42.0035349310126
30100	-42.3398172945408
30110	-42.4899441962603
30120	-42.455808898802
30130	-42.3648815957692
30140	-42.2388635595941
30150	-42.099413059663
30160	-41.9479262995297
30170	-41.7506038379912
30180	-41.5271487063809
30190	-41.3005556112277
30200	-41.0651446467194
30210	-40.7892431669138
30220	-40.5366446848087
30230	-40.3760054148395
30240	-40.3194306365764
30250	-40.2775177559221
30260	-40.2498918390376
30270	-40.2400026948183
30280	-40.3021576378744
30290	-40.4228588060863
30300	-40.506199531986
30310	-40.3775961873606
30320	-39.9977666546786
30330	-39.7074624559772
30340	-39.8564698302871
30350	-40.4482746347796
30360	-41.1576908216379
30370	-41.6568981231509
30380	-42.0119042877109
30390	-42.3100080032487
30400	-42.4568469547278
30410	-42.2624794035939
30420	-41.7102261576715
30430	-41.1384460693567
30440	-40.8902298344254
30450	-41.0044764315783
30460	-41.2586166881584
30470	-41.5514303191369
30480	-41.7816970394846
30490	-41.926747801654
30500	-42.0601570391253
30510	-42.1714694269948
30520	-42.249036216895
30530	-42.2884895104911
30540	-42.3186061793094
30550	-42.3419561172321
30560	-42.3563653680731
30570	-42.3595897524849
30580	-42.3489516892013
30590	-42.3261585555258
30600	-42.2942269501201
30610	-42.2561734716456
30620	-42.2095473811069
30630	-42.1358121824084
30640	-42.0373137433769
30650	-41.9188322042903
30660	-41.7851477054263
30670	-41.5695317810051
30680	-41.2603747795765
30690	-40.9653112200321
30700	-40.7921032458793
30710	-40.8773387318188
30720	-41.2621458654396
30730	-41.7436687514146
30740	-42.1080823127888
30750	-42.1974634341474
30760	-42.2277034490969
30770	-42.2501793272501
30780	-42.2644174555072
30790	-42.2699442207683
30800	-42.1633120934739
30810	-41.8697968801107
30820	-41.5234753097688
30830	-41.2551480231082
30840	-41.0129743934497
30850	-40.7759415173831
30860	-40.5947410617488
30870	-40.5200646933869
30880	-40.7643117014871
30890	-41.3475073057665
30900	-41.9939161864644
30910	-42.4276183242946
30920	-42.4383956105145
30930	-42.2215738726101
30940	-41.9401806291413
30950	-41.7327218980497
30960	-41.7318811587693
30970	-41.9373383968812
30980	-42.2162933561499
30990	-42.4302279039769
31000	-42.4363508957837
31010	-42.1684071479733
31020	-41.7683857306366
31030	-41.4008591557994
31040	-41.2303999354874
31050	-41.2619217919608
31060	-41.347372903567
31070	-41.4602622931496
31080	-41.574412798288
31090	-41.6683148681158
31100	-41.7603810753771
31110	-41.8520202753505
31120	-41.9375559657618
31130	-42.0113417762688
31140	-42.0718547318476
31150	-42.1249961474203
31160	-42.1773402560083
31170	-42.2354612906333
31180	-42.3128742603809
31190	-42.4149206817176
31200	-42.5170133222568
31210	-42.5937107092835
31220	-42.6196828928872
31230	-42.5907276090004
31240	-42.5302728878483
31250	-42.4603301457093
31260	-42.402910798862
31270	-42.3800583327297
31280	-42.4366294627022
31290	-42.5628114117382
31300	-42.7047195809574
31310	-42.8084693714796
31320	-42.8126618964621
31330	-42.6358911261397
31340	-42.3426194012175
31350	-42.0255924111462
31360	-41.7775558453764
31370	-41.6895028360861
31380	-41.6858080867973
31390	-41.6829853893514
31400	-41.6810738250184
31410	-41.680112475068
31420	-41.6926499100113
31430	-41.7689031255397
31440	-41.8755285371395
31450	-41.9673395107686
31460	-41.9958232451297
31470	-41.7323133365121
31480	-41.2249366333727
31490	-40.7070138346416
31500	-40.411865639249
31510	-40.562341242326
31520	-41.0917116680661
31530	-41.7122703774383
31540	-42.1329135120799
31550	-42.1200646462837
31560	-41.828662044916
31570	-41.4631653657015
31580	-41.2143175043715
31590	-41.2219612553527
31600	-41.3621040585278
31610	-41.5287320692363
31620	-41.6269162282184
31630	-41.5281650034815
31640	-41.2173095829719
31650	-40.8629564578586
31660	-40.6370672988421
31670	-40.6230014542525
31680	-40.6342420343983
31690	-40.6459833066423
31700	-40.6499691627229
31710	-40.6489071898005
31720	-40.646357081158
31730	-40.64235272072
31740	-40.6078845433513
31750	-40.4413276514133
31760	-40.2455007165083
31770	-40.1500097647867
31780	-40.2878314593056
31790	-40.5631233781437
31800	-40.7588985076238
31810	-40.7568047553164
31820	-40.7024947629977
31830	-40.6156666769679
31840	-40.4507322018782
31850	-40.0406877034488
31860	-39.5691539901109
31870	-39.2235295424261
31880	-38.9008457806649
31890	-38.670763825904
31900	-38.6664257923336
31910	-38.9041897076592
31920	-39.1094281844362
31930	-39.1109616061232
31940	-39.0785997664797
31950	-39.0289997353333
31960	-38.9188736092072
31970	-38.794311948696
31980	-38.7100004019486
31990	-38.6428843325942
32000	-38.591390521497
32010	-38.544653128598
32020	-38.5202644562387
32030	-38.6399519962373
32040	-38.8732472008961
32050	-38.952518377034
32060	-38.9733136575716
32070	-38.9770898596747
32080	-38.7178992494204
32090	-38.4245902648912
32100	-38.5108817564446
32110	-38.7628
32120	-38.8544390409343
32130	-38.7474173595425
32140	-38.6168334827009
32150	-38.5519013242315
32160	-38.5069864591512
32170	-38.5036831654249
32180	-38.5217743732965
32190	-38.513767123413
32200	-38.1516423762896
32210	-37.7872914208476
32220	-38.0558167386493
32230	-38.8498649252928
32240	-39.5299575371685
32250	-40.1863000539152
32260	-40.7547101848702
32270	-41.1905036402709
32280	-41.5873953164661
32290	-41.8156926233612
32300	-41.6932408440927
32310	-41.2298692051708
32320	-40.8095667709686
32330	-40.7480551919814
32340	-40.8037616400289
32350	-40.8959171791198
32360	-41.0049019907103
32370	-41.1731772366992
32380	-41.4378963682841
32390	-41.7015636308589
32400	-41.8648845379736
32410	-41.8433688312362
32420	-41.6798668415118
32430	-41.4736178471989
32440	-41.3233219281601
32450	-41.3165115718351
32460	-41.4210897093792
32470	-41.5610809848403
32480	-41.6644928429897
32490	-41.6759964794053
32500	-41.6489223884205
32510	-41.6041895063172
32520	-41.5511259913778
32530	-41.4935579525757
32540	-41.4016156276826
32550	-41.2964855827184
32560	-41.2115659352506
32570	-41.1809164666147
32580	-41.3314912732663
32590	-41.6446852160982
32600	-41.9834288950933
32610	-42.2106529102345
32620	-42.2358632105702
32630	-42.2107925224122
32640	-42.1708379175273
32650	-42.125129138051
32660	-42.0807994909525
32670	-42.0291299001687
32680	-41.9708615877761
32690	-41.9099644375895
32700	-41.8504083334235
32710	-41.7905978030296
32720	-41.7196253911375
32730	-41.6507138602937
32740	-41.5991088162534
32750	-41.5805082703957
32760	-41.7845453886
32770	-42.2382989131916
32780	-42.7667748663236
32790	-43.1949792701494
32800	-43.3495289880189
32810	-43.2957453336459
32820	-43.1720430113745
32830	-43.0060107344532
32840	-42.8252372161304
32850	-42.6573111696545
32860	-42.5151897440684
32870	-42.3777761658819
32880	-42.2355290431436
32890	-42.0794444578861
32900	-41.900518492142
32910	-41.6474137148656
32920	-41.2841289604731
32930	-40.9137973386099
32940	-40.6432205732328
32950	-40.5750703681862
32960	-40.6825904855767
32970	-40.887681563171
32980	-41.1343289272548
32990	-41.3665179041136
33000	-41.5721483508999
33010	-41.811377827595
33020	-42.0346605571196
33030	-42.1862680711173
33040	-42.196495193832
33050	-41.9074583999326
33060	-41.4538347762769
33070	-41.0454494500402
33080	-40.8905317321908
33090	-40.9456244045937
33100	-41.0484584419858
33110	-41.1379366278464
33120	-41.1514727992417
33130	-41.0425056410817
33140	-40.8471614395696
33150	-40.615219259258
33160	-40.3933880194387
33170	-40.1094228751646
33180	-39.8085317060074
33190	-39.6214472034729
33200	-39.5857233105385
33210	-39.5697949929807
33220	-39.5495525725646
33230	-39.479584506291
33240	-39.3347771803228
33250	-39.22146436775
33260	-39.2470906232652
33270	-39.3910570396149
33280	-39.5107614602408
33290	-39.4416676077445
33300	-39.1632588523651
33310	-38.8899928464708
33320	-38.6366194398856
33330	-38.4374301739448
33340	-38.4861189911356
33350	-38.8529885143737
33360	-39.1730819518957
33370	-39.1540772055364
33380	-39.0175943892616
33390	-38.9848598230087
33400	-39.1714633193354
33410	-39.3726967009345
33420	-39.357009805567
33430	-39.1445035224829
33440	-38.8847927154951
33450	-38.634612568465
33460	-38.350720479602
33470	-38.0003761864247
33480	-37.5506876796827
33490	-37.3818822843629
33500	-37.4435095789357
33510	-37.5689056490357
33520	-37.8662290167142
33530	-38.4184434157889
33540	-39.0366285777267
33550	-39.8087551840776
33560	-40.5076955191473
33570	-41.1122257850763
33580	-41.6283063621172
33590	-41.7961284197717
33600	-41.6520733490113
33610	-41.409513879112
33620	-41.218884339852
33630	-41.2004376021279
33640	-41.2658465863251
33650	-41.3617106914464
33660	-41.4532699179402
33670	-41.5383097641596
33680	-41.635473169348
33690	-41.7232805839736
33700	-41.7799626099221
33710	-41.7797546078488
33720	-41.6886543329238
33730	-41.5343974666197
33740	-41.3551741434861
33750	-41.1887788426403
33760	-40.9946808381419
33770	-40.7729454554162
33780	-40.5919533447583
33790	-40.5201617067253
33800	-40.6671633186399
33810	-40.9723490445234
33820	-41.2631041812234
33830	-41.3653470220769
33840	-41.1019379257399
33850	-40.6209045356656
33860	-40.1833281232082
33870	-40.0467012681041
33880	-40.2508013180138
33890	-40.6254972302048
33900	-41.0156860147502
33910	-41.2773149702828
33920	-41.4896578698926
33930	-41.6783287818673
33940	-41.8027629378142
33950	-41.8266928228924
33960	-41.7826576478351
33970	-41.7016499471052
33980	-41.601924293737
33990	-41.4849691306744
34000	-41.2859386626251
34010	-41.0582272708966
34020	-40.8753910048044
34030	-40.810808362647
34040	-40.887273977339
34050	-41.03309732861
34060	-41.1697305834147
34070	-41.2197519228263
34080	-41.2045067780044
34090	-41.1753873114798
34100	-41.1460992643398
34110	-41.1303483776718
34120	-41.1966345838961
34130	-41.3905915828386
34140	-41.6131972396561
34150	-41.7630941940974
34160	-41.7659618325263
34170	-41.689992548634
34180	-41.5725845675822
34190	-41.4417586392736
34200	-41.3101495580138
34210	-41.1264555727827
34220	-40.9370329909752
34230	-40.8051711595911
34240	-40.7993700703884
34250	-40.969459360367
34260	-41.2220041127798
34270	-41.4427367799076
34280	-41.5162101638093
34290	-41.3211635012887
34300	-40.9565925851218
34310	-40.5980428783368
34320	-40.4210598439619
34330	-40.6205649754105
34340	-41.1143901551175
34350	-41.618928980723
34360	-41.8499998909482
34370	-41.6648768658397
34380	-41.2608928001266
34390	-40.8641905338632
34400	-40.7006465106195
34410	-40.8533667410968
34420	-41.1759960263049
34430	-41.525843579151
34440	-41.7602186125421
34450	-41.7712761282516
34460	-41.6568293094792
34470	-41.4679187449574
34480	-41.2389986179038
34490	-40.8368139304001
34500	-40.1796264648138
34510	-39.5497555859065
34520	-39.2333831901952
34530	-39.3539601763497
34540	-39.6610002788118
34550	-39.9454605827204
34560	-39.9774285856205
34570	-39.4682167257932
34580	-38.8301715964066
34590	-38.6215217208897
34600	-38.8710805342639
34610	-39.2166443144908
34620	-39.3711693152019
34630	-39.414530262246
34640	-39.4478666570998
34650	-39.5076713244161
34660	-39.6290786644426
34670	-39.7502902764386
34680	-39.7995602131837
34690	-39.8138958414516
34700	-39.8272602038341
34710	-39.8775754170485
34720	-40.0526542063429
34730	-40.228800879185
34740	-40.2611709884399
34750	-40.1731454013724
34760	-40.0323872977813
34770	-39.8897083304126
34780	-39.7314187942911
34790	-39.5571195156925
34800	-39.3994612105146
34810	-39.2498274346959
34820	-39.1125060787363
34830	-39.0609422443166
34840	-39.1487451590583
34850	-39.2928227766461
34860	-39.3699817896234
34870	-38.9586680339401
34880	-38.2553047737694
34890	-38.0351501668206
34900	-38.0245530365578
34910	-38.0201173371861
34920	-38.2193005084325
34930	-38.6943227626336
34940	-38.8866459699967
34950	-38.7887721608654
34960	-38.6228029391799
34970	-38.4577536689785
34980	-38.2647260454102
34990	-38.0425532346263
35000	-37.7296409549519
35010	-37.5410901245608
35020	-37.8705938526075
35030	-38.4815209645954
35040	-38.5747921737146
35050	-37.8263547117978
35060	-37.4722845171645
35070	-38.0066263000675
35080	-38.5894435208736
35090	-38.582195589472
35100	-38.4085157143758
35110	-38.348141608143
35120	-38.489154524214
35130	-38.6172506604832
35140	-38.6032209433205
35150	-38.5476887301354
35160	-38.4111107519304
35170	-37.9195484653415
35180	-37.5349444156982
35190	-37.4533896248447
35200	-37.4067679849503
35210	-37.5728629052803
35220	-38.5040551339148
35230	-38.9938132919965
35240	-38.0170474173433
35250	-37.1601996228834
35260	-37.2836472458309
35270	-37.5544438459907
35280	-37.8530860079394
35290	-38.2319437128611
35300	-38.511133180265
35310	-38.6751477690542
35320	-38.8351888235101
35330	-39.0541782271748
35340	-39.3215208283622
35350	-39.6632486133981
35360	-40.2868367862758
35370	-41.0626794550344
35380	-41.5608884110043
35390	-41.7300525665323
35400	-41.8569928691596
35410	-41.9288618154948
35420	-41.9134555682985
35430	-41.708158123915
35440	-41.4032536278702
35450	-41.1238844459043
35460	-40.9765074305216
35470	-40.871962983314
35480	-40.783952078254
35490	-40.723093129234
35500	-40.7000045501467
35510	-40.7978092423451
35520	-41.023330292744
35530	-41.2650224142269
35540	-41.4113225085946
35550	-41.3858620053036
35560	-41.2622559378022
35570	-41.1157517709139
35580	-41.0188118444705
35590	-41.0140304647197
35600	-41.0342129965959
35610	-41.0673391825926
35620	-41.1088754647943
35630	-41.1546498769077
35640	-41.2399860288395
35650	-41.3574611884693
35660	-41.4598120860926
35670	-41.4999940308201
35680	-41.4986182280418
35690	-41.4957034910958
35700	-41.4925170582624
35710	-41.4903261678222
35720	-41.4978785831387
35730	-41.5548459753936
35740	-41.6561137037222
35750	-41.78890138226
35760	-41.9404286251431
35770	-42.1261637202589
35780	-42.4704565714492
35790	-42.8980798548734
35800	-43.3003536834011
35810	-43.5685981699017
35820	-43.5885030541411
35830	-43.2856313260582
35840	-42.7864939156666
35850	-42.2459900582398
35860	-41.8190189890518
35870	-41.6452008859046
35880	-41.5808462391319
35890	-41.5376743615403
35900	-41.5023503933543
35910	-41.4615394747981
35920	-41.4019067460961
35930	-41.2858719756445
35940	-41.1118039886368
35950	-40.9256666557501
35960	-40.7734474336978
35970	-40.7011337791936
35980	-40.7238925836915
35990	-40.7981448578327
36000	-40.9018334563422
36010	-41.0134188525691
36020	-41.1169047954236
36030	-41.2502726193964
36040	-41.3915759122471
36050	-41.4982333640521
36060	-41.527298059798
36070	-41.4487165739845
36080	-41.3045099941789
36090	-41.1530844204097
36100	-41.0528459527056
36110	-41.099411269883
36120	-41.4292877537994
36130	-41.8711902330831
36140	-42.2201306100812
36150	-42.287477125168
36160	-42.1443211478554
36170	-41.9073395670529
36180	-41.6598551512787
36190	-41.4851906690509
36200	-41.4598372525241
36210	-41.5566145714257
36220	-41.7125164871159
36230	-41.8725254619884
36240	-41.9816239584369
36250	-41.991826055817
36260	-41.9253574515339
36270	-41.8103041363778
36280	-41.6687716116965
36290	-41.5228653788378
36300	-41.3471123700549
36310	-41.1038664127132
36320	-40.8613972191169
36330	-40.6900304648827
36340	-40.6607903342828
36350	-40.806076132973
36360	-41.0478207064896
36370	-41.2921697373172
36380	-41.4452689079406
36390	-41.4462385469147
36400	-41.3763478457421
36410	-41.2664873528429
36420	-41.138314329138
36430	-41.0128758960815
36440	-40.872233352746
36450	-40.7104301856944
36460	-40.5437149195774
36470	-40.3880738422551
36480	-40.2457877623301
36490	-40.1063104223576
36500	-39.9599169513048
36510	-39.7847850990294
36520	-39.5492403826278
36530	-39.323898312122
36540	-39.1901591436495
36550	-39.2899532479893
36560	-39.6871135676673
36570	-40.036165496547
36580	-39.9488435882033
36590	-39.3492749359903
36600	-38.7386730031668
36610	-38.5903156125952
36620	-38.5942594106509
36630	-38.602579046929
36640	-38.6435188682188
36650	-38.9195257911043
36660	-39.2057155159603
36670	-39.217986669896
36680	-39.0623567351014
36690	-38.9358372090401
36700	-38.9581905762449
36710	-39.0597407246207
36720	-39.2042617029885
36730	-39.4877829339432
36740	-39.9566387639426
36750	-40.3045319978703
36760	-40.3308250380087
36770	-40.2932254374919
36780	-40.257037479013
36790	-40.2662665683591
36800	-40.3780616712533
36810	-40.5067591725515
36820	-40.5322703074419
36830	-40.1340831600484
36840	-39.5002691919103
36850	-39.0162488998701
36860	-38.9645096738502
36870	-39.0519135988704
36880	-39.1890977180156
36890	-39.3788347790461
36900	-39.7623549631587
36910	-40.1607819167304
36920	-40.3399488559933
36930	-40.2183107693672
36940	-39.962064316478
36950	-39.7180869802486
36960	-39.5573627670396
36970	-39.4078074398413
36980	-39.3176033755861
36990	-39.3368025326285
37000	-39.4396095156534
37010	-39.5345940599365
37020	-39.5054956243583
37030	-39.2560733671673
37040	-38.9898929256649
37050	-38.9305383258037
37060	-39.0441498100666
37070	-39.1836081439652
37080	-39.2064567528329
37090	-38.7745012834783
37100	-38.2632135634937
37110	-38.2203951438866
37120	-38.5023369801258
37130	-38.7518438721202
37140	-38.7925964265774
37150	-38.8124520249856
37160	-38.8199804376847
37170	-38.6491576350711
37180	-38.3207548533729
37190	-38.1914959664782
37200	-38.6520816453124
37210	-39.1932141345654
37220	-38.9911044915507
37230	-38.0452550729608
37240	-37.3344980948598
37250	-37.64436988331
37260	-38.4357869757833
37270	-38.7663794749387
37280	-38.8141863206158
37290	-38.8379092760096
37300	-38.8269448813725
37310	-38.7757324246056
37320	-38.7403344907527
37330	-38.7500935098533
37340	-38.7708107300362
37350	-38.7788142927189
37360	-38.7205473013309
37370	-38.6404066207068
37380	-38.6217127020624
37390	-38.6360320865688
37400	-38.6491721388082
37410	-38.5713252171641
37420	-38.3338510566836
37430	-38.1647050977903
37440	-38.2381913117368
37450	-38.4049478904941
37460	-38.4239097474499
37470	-38.2104495358853
37480	-38.0074061578328
37490	-37.9934253536259
37500	-38.0043173689984
37510	-38.0089672543742
37520	-37.8922804562762
37530	-37.7401206559252
37540	-37.9267023433645
37550	-38.7205896564599
37560	-39.1260155136979
37570	-38.8397151033615
37580	-38.3969777420832
37590	-38.1446840444703
37600	-37.9595840678746
37610	-37.8625396181134
37620	-37.9210275498118
37630	-38.0626071547214
37640	-38.1253827118503
37650	-38.1350620620521
37660	-38.1461905254146
37670	-38.2735732512694
37680	-38.5385412881278
37690	-38.6360071891841
37700	-38.5530620424073
37710	-38.4512516289817
37720	-38.5011883746142
37730	-38.9394959740497
37740	-39.2491943319718
37750	-38.8380218954351
37760	-38.0223203047579
37770	-37.5818988721605
37780	-37.5098605911164
37790	-37.4728699824029
37800	-37.5807940405569
37810	-37.9457163831174
37820	-38.0885836358191
37830	-37.8301610815811
37840	-37.5234241337517
37850	-37.4318190517888
37860	-37.3830192680015
37870	-37.3945910201399
37880	-37.8489749023616
37890	-38.2457300257074
37900	-38.0573872019976
37910	-37.7189359721533
37920	-37.6976695826273
37930	-37.8784466697472
37940	-38.0086213472915
37950	-37.9228723474818
37960	-37.7565881220249
37970	-37.675756877976
37980	-37.6202157772187
37990	-37.6019027183134
38000	-37.7891723230378
38010	-38.0346803408034
38020	-38.0329544438843
38030	-37.8859763403525
38040	-37.827570144791
38050	-38.0131483792504
38060	-38.1942483278386
38070	-37.9559303169163
38080	-37.4083722710613
38090	-37.2389648910069
38100	-37.4891606368684
38110	-37.7137596282489
38120	-37.5307949410814
38130	-37.1489772918129
38140	-37.1522022296539
38150	-37.571343821056
38160	-37.7428856201051
38170	-37.3762125274635
38180	-36.9623377209286
38190	-36.8501271732896
38200	-36.7949896387763
38210	-36.8983041893667
38220	-37.26395496797
38230	-37.3541864430992
38240	-36.764473582323
38250	-36.3624821754799
38260	-37.1052055099488
38270	-37.9308536511808
38280	-37.8241767891061
38290	-37.5928032255814
38300	-37.8107033624593
38310	-38.8791923617562
38320	-39.7893844665994
38330	-40.1654260698906
38340	-40.4516803704372
38350	-40.5787733405377
38360	-40.4956264232733
38370	-40.3010896990153
38380	-40.158430016618
38390	-40.1733921190973
38400	-40.2572040954549
38410	-40.3597695774807
38420	-40.4390091961046
38430	-40.5135986241935
38440	-40.5858784142723
38450	-40.6399573413092
38460	-40.6599806356496
38470	-40.652283403144
38480	-40.6370150254666
38490	-40.6234749501046
38500	-40.6353802088849
38510	-40.8354118955862
38520	-41.1567435487262
38530	-41.4584679644499
38540	-41.5996779389019
38550	-41.551807945843
38560	-41.4286179192609
38570	-41.2786523432179
38580	-41.1502621538582
38590	-41.0783266969556
38600	-41.0184626049926
38610	-40.9673038926354
38620	-40.9320911051655
38630	-40.9209418211896
38640	-41.1319301626261
38650	-41.5788750227255
38660	-42.0684724088093
38670	-42.4074183281993
38680	-42.4048144108571
38690	-42.0269229357197
38700	-41.4558144812549
38710	-40.8876982166197
38720	-40.5187833109712
38730	-40.5364660392414
38740	-40.939851076107
38750	-41.5479557811225
38760	-42.1726186945914
38770	-42.6256783568168
38780	-42.735528408754
38790	-42.6602481112847
38800	-42.5208291017208
38810	-42.3548336638625
38820	-42.1998240815098
38830	-42.0929987644757
38840	-42.0141131870673
38850	-41.9383433778948
38860	-41.8737218172522
38870	-41.8282809854337
38880	-41.8100533627335
38890	-41.8103186791805
38900	-41.8112990915205
38910	-41.8128621103155
38920	-41.8149274975094
38930	-41.8174150150462
38940	-41.8202633955335
38950	-41.8262479438042
38960	-41.836077990835
38970	-41.8478624920536
38980	-41.8597104028877
38990	-41.8697306787649
39000	-41.8787735933416
39010	-41.8884826384297
39020	-41.8976322878827
39030	-41.9049941328723
39040	-41.9093397645701
39050	-41.8879085373993
39060	-41.7222924975283
39070	-41.4620463344676
39080	-41.1882410468804
39090	-40.9819476334301
39100	-40.922440776115
39110	-40.9987383055052
39120	-41.1462128399359
39130	-41.3162485408785
39140	-41.4602295698045
39150	-41.5340443202545
39160	-41.5781504595733
39170	-41.6148820743655
39180	-41.6434961382066
39190	-41.6632496246721
39200	-41.6739566392606
39210	-41.6798486120871
39220	-41.6836105413871
39230	-41.68727739192
39240	-41.6928841284453
39250	-41.7061543234619
39260	-41.8218614589821
39270	-42.0319434458775
39280	-42.270398123522
39290	-42.4712233312893
39300	-42.5684169085534
39310	-42.478162840162
39320	-42.2059495278398
39330	-41.8585533215086
39340	-41.5437015374157
39350	-41.3691214918086
39360	-41.3646229451134
39370	-41.3818762168793
39380	-41.4049934350724
39390	-41.4265438876262
39400	-41.4390968624746
39410	-41.4320396134168
39420	-41.3978368328375
39430	-41.3484967714868
39440	-41.2970542014058
39450	-41.2565438946358
39460	-41.2400006232182
39470	-41.4043330500065
39480	-41.7992577156237
39490	-42.2710176522011
39500	-42.6658500601385
39510	-42.8299990289002
39520	-42.8079505784916
39530	-42.750166469234
39540	-42.6682783962328
39550	-42.5739180545932
39560	-42.4787171394205
39570	-42.391177461182
39580	-42.28275138934
39590	-42.1580968748279
39600	-42.0356556972304
39610	-41.9338696361319
39620	-41.871180471117
39630	-41.8722809237707
39640	-41.9866674085794
39650	-42.1788221495692
39660	-42.3964674805791
39670	-42.5873257354481
39680	-42.6991192480152
39690	-42.6691883601682
39700	-42.4602121129712
39710	-42.1412652422134
39720	-41.7888047602368
39730	-41.4792876793839
39740	-41.288315962743
39750	-41.1674347810067
39760	-41.0562911823158
39770	-40.9629748423137
39780	-40.895575436644
39790	-40.86218264095
39800	-40.8883290964271
39810	-41.0077855238037
39820	-41.1748173591948
39830	-41.3390055606181
39840	-41.4499310860913
39850	-41.4624047648885
39860	-41.39821528621
39870	-41.2990256734312
39880	-41.201961499716
39890	-41.1441483382285
39900	-41.1627048584661
39910	-41.2558194707702
39920	-41.3798239354078
39930	-41.4897016439652
39940	-41.5405572627011
39950	-41.5493140585187
39960	-41.5547690348065
39970	-41.5588109742975
39980	-41.5633286597246
39990	-41.5702129529787
40000	-41.5838095395345
40010	-41.6035505758146
40020	-41.6244544179821
40030	-41.6415394222001
40040	-41.6498239446318
40050	-41.5839906697944
40060	-41.3809929343976
40070	-41.1204326317225
40080	-40.8843583280934
40090	-40.7441394118601
40100	-40.655262667213
40110	-40.5841520082502
40120	-40.5132772067682
40130	-40.4251080345638
40140	-40.2873411015556
40150	-40.0416530351906
40160	-39.7710351736937
40170	-39.5771853911686
40180	-39.560860243026
40190	-39.7361184459879
40200	-39.9782665250322
40210	-40.1509336828451
40220	-40.1356462672054
40230	-39.9547081544111
40240	-39.6747848906253
40250	-39.3600523664331
40260	-38.869750915636
40270	-38.2187637789757
40280	-37.7551005893786
40290	-37.8800599469395
40300	-38.7556127227445
40310	-39.7839380046062
40320	-40.3342983112807
40330	-40.5570695279372
40340	-40.7174003814025
40350	-40.8718447630724
40360	-41.0776182996348
40370	-41.3316964614018
40380	-41.56139679055
40390	-41.6915823136145
40400	-41.5582168508607
40410	-41.033929885592
40420	-40.4431043447601
40430	-40.1323855816506
40440	-40.1507551978526
40450	-40.2116635230135
40460	-40.297627788364
40470	-40.3933487071764
40480	-40.4868729484085
40490	-40.6170497589913
40500	-40.7678824548252
40510	-40.8982861703714
40520	-40.9671760400906
40530	-40.939293674802
40540	-40.8372747471591
40550	-40.7162048015904
40560	-40.6314969210681
40570	-40.6370860663023
40580	-40.7345357219501
40590	-40.8652866079952
40600	-40.9677268273103
40610	-40.9789929417347
40620	-40.8672548092415
40630	-40.6933627988457
40640	-40.5301819491202
40650	-40.4505772986376
40660	-40.4788106449585
40670	-40.5635732365548
40680	-40.6839576431002
40690	-40.8193616906373
40700	-40.9530043706615
40710	-41.1182560347251
40720	-41.3098313310301
40730	-41.5043408589408
40740	-41.6783952178217
40750	-41.8256596284889
40760	-41.9805109681027
40770	-42.12285866145
40780	-42.2276818239736
40790	-42.2699595711165
40800	-42.0197562123656
40810	-41.399066921406
40820	-40.6575084133604
40830	-40.0449395349181
40840	-39.8109197172068
40850	-40.040311833222
40860	-40.5529170707729
40870	-41.172903107555
40880	-41.724437621264
40890	-42.0316882895956
40900	-42.0402103106741
40910	-41.9981857843273
40920	-41.9313009384515
40930	-41.8485952166745
40940	-41.7591080626241
40950	-41.655053589761
40960	-41.5185762402797
40970	-41.3547580071994
40980	-41.1688891596323
40990	-40.9662599666906
41000	-40.6993089824732
41010	-40.3162750081422
41020	-39.9300960405355
41030	-39.6588126587988
41040	-39.6184132112305
41050	-39.824800140277
41060	-40.1507885391091
41070	-40.4581986725461
41080	-40.6088508054075
41090	-40.5870436600554
41100	-40.5243159112338
41110	-40.4463546200493
41120	-40.3779379567142
41130	-40.3378583474658
41140	-40.3124532439309
41150	-40.2884146196075
41160	-40.2536593348919
41170	-40.1689525801848
41180	-39.9287567701779
41190	-39.6309428095466
41200	-39.4004215053953
41210	-39.3016525778662
41220	-39.2401576814154
41230	-39.1814254947138
41240	-39.0924330091022
41250	-38.9146988435632
41260	-38.7055611275534
41270	-38.5597372411435
41280	-38.5850027934366
41290	-38.816831771775
41300	-39.051761402162
41310	-39.1116894111305
41320	-39.124234011156
41330	-39.1340225870515
41340	-39.155150628728
41350	-39.2584365502797
41360	-39.4062003509994
41370	-39.4973904755618
41380	-39.4567683866485
41390	-39.3256926581068
41400	-39.1718551825622
41410	-39.0353520801137
41420	-38.8754229851854
41430	-38.7500770232056
41440	-38.7259091649344
41450	-38.8121380717876
41460	-38.9935123077835
41470	-39.2602513137621
41480	-39.6025745305635
41490	-40.010701399028
41500	-40.4748513599955