t_inf	y_d
308	1.93
313	1.68
318	1.43
323	1.55
328	1.80
333	1.18
338	1.11
343	1.38
348	1.43
353	1.71
358	1.31
363	1.63
368	1.34
373	1.53
378	1.15
383	1.41
388	1.40
393	1.74
398	1.59
403	1.67
408	1.65
413	1.77
418	1.90
423	1.79
428	1.67
433	1.79
438	1.68
443	1.52
448	1.55
453	2.01
458	1.57
463	1.54
468	1.61
473	1.93
478	1.83
483	1.92
488	2.18
493	1.96
498	2.08
503	1.60
508	1.72
513	1.68
518	1.48
523	1.59
528	1.52
533	1.38
538	1.47
543	1.59
548	1.47
553	1.44
558	1.36
563	1.49
568	1.43
573	1.25
578	1.06
583	1.25
588	1.32
593	1.16
598	1.35
603	1.41
608	1.44
613	1.71
618	1.71
623	1.74
628	1.72
633	1.67
638	1.71
643	1.69
648	1.85
653	1.32
658	1.75
663	1.95
668	1.59
673	1.79
678	1.72
683	1.81
688	1.27
693	1.10
698	1.37
703	1.06
708	1.17
713	1.29
718	1.31
723	1.32
728	1.36
733	1.34
738	1.23
743	1.20
748	1.27
753	1.25
758	1.13
763	1.58
768	1.40
773	1.40
778	1.34
783	1.44
788	1.27
793	1.34
798	1.57
803	1.28
808	1.22
813	1.07
818	1.05
823	1.46
828	1.36
833	1.50
838	1.51
843	1.25
848	1.24
853	1.25
858	1.35
863	1.26
868	1.27
873	1.35
878	1.34
883	1.45
888	1.23
893	1.29
898	1.33
903	1.51
908	1.31
913	1.56
918	1.81
923	1.83
928	1.65
933	1.46
938	1.52
943	1.32
948	1.24
953	1.49
958	1.80
963	1.57
968	1.31
973	1.39
978	1.20
983	1.03
988	1.12
993	1.11
998	1.19
1003	1.25
1008	1.12
1013	1.13
1018	1.38
1023	1.26
1028	1.12
1033	1.49
1038	1.61
1043	1.42
1048	1.37
1053	1.78
1058	1.51
1063	1.30
1068	1.27
1073	1.25
1078	1.32
1083	1.08
1088	1.32
1093	1.33
1098	1.46
1103	1.35
1108	1.11
1113	1.40
1118	1.45
1123	1.19
1128	1.20
1133	1.22
1138	1.21
1143	1.30
1148	1.02
1153	1.21
1158	1.21
1163	1.24
1168	1.38
1173	1.58
1178	1.56
1183	1.24
1188	1.29
1193	1.41
1198	1.24
1203	1.25
1208	1.23
1213	1.20
1218	1.25
1223	1.23
1228	1.67
1233	1.44
1238	1.45
1243	1.63
1248	1.63
1253	1.62
1258	1.71
1263	1.64
1268	1.75
1273	2.14
1278	2.03
1283	1.68
1288	1.89
1293	1.83
1298	1.79
1303	1.73
1308	1.49
1313	1.20
1318	1.58
1323	1.55
1328	1.42
1333	1.36
1338	1.48
1343	1.50
1348	1.70
1353	1.51
1358	1.36
1363	1.60
1368	1.47
1373	1.35
1378	1.40
1383	1.95
1388	1.38
1393	1.04
1398	0.98
1403	1.20
1408	1.27
1413	1.45
1418	1.50
1423	1.44
1428	1.27
1433	1.14
1438	1.04
1443	1.08
1448	1.39
1453	1.46
1458	1.23
1463	1.36
1468	1.45
1473	1.30
1478	1.42
1483	1.41
1488	1.22
1493	1.33
1498	1.48
1503	1.19
1508	1.29
1513	1.48
1518	1.39
1523	1.26
1528	1.42
1533	1.40
1538	1.46
1543	1.41
1548	1.33
1553	1.32
1558	1.23
1563	1.19
1568	1.19
1573	1.20
1578	1.19
1583	1.05
1588	1.12
1593	1.19
1598	1.48
1603	1.32
1608	1.20
1613	1.00
1618	1.17
1623	1.33
1628	1.21
1633	1.03
1638	0.99
1643	0.99
1648	0.94
1653	1.07
1658	1.39
1663	1.16
1668	1.19
1673	1.26
1678	1.30
1683	1.57
1688	1.74
1693	1.48
1698	1.51
1703	1.50
1708	1.28
1713	1.23
1718	1.35
1723	1.37
1728	1.19
1733	1.12
1738	1.18
1743	1.18
1748	1.33
1753	1.50
1758	1.28
1763	1.16
1768	1.41
1773	0.96
1778	1.21
1783	1.45
1788	1.25
1793	1.34
1798	1.23
1803	1.07
1808	1.12
1813	1.18
1818	1.37
1823	1.38
1828	1.44
1833	2.05
1838	1.72
1843	1.48
1848	1.46
1853	1.18
1858	0.99
1863	1.14
1868	1.20
1873	1.16
1878	1.54
1883	1.08
1888	1.76
1893	1.47
1898	1.43
1903	1.33
1908	1.22
1913	1.26
1918	1.20
1923	1.12
1928	1.04
1933	1.16
1938	1.09
1943	1.19
1948	1.35
1953	1.37
1958	1.32
1963	1.25
1968	1.11
1973	1.13
1978	1.22
1983	1.20
1988	1.01
1993	1.20
1998	1.55
2003	1.37
2008	1.46
2013	1.27
2018	1.39
2023	1.17
2028	1.17
2033	1.34
2038	1.21
2043	1.29
2048	1.51
2053	1.43
2058	1.05
2063	1.22
2068	1.15
2073	1.39
2078	1.19
2083	1.48
2088	1.27
2093	1.26
2098	1.28
2103	1.40
2108	1.20
2113	1.13
2118	1.29
2123	1.36
2128	1.46
2133	1.21
2138	1.31
2143	1.09
2148	1.12
2153	1.14
2158	1.13
2163	0.92
2168	1.38
2173	1.22
2178	1.16
2183	1.27
2188	1.35
2193	1.24
2198	1.32
2203	1.54
2208	1.44
2213	1.05
2218	1.04
2223	1.20
2228	1.12
2233	1.10
2238	1.20
2243	1.17
2248	1.27
2253	1.34
2258	1.41
2263	1.54
2268	1.22
2273	1.08
2278	1.11
2283	1.34
2288	1.64
2293	1.80
2298	1.44
2303	1.59
2308	1.77
2313	1.67
2318	1.40
2323	1.59
2328	1.50
2333	1.35
2338	1.37
2343	1.54
2348	1.61
2353	1.45
2358	1.39
2363	1.35
2368	1.24
2373	1.12
2378	1.12
2383	1.32
2388	1.21
2393	1.22
2398	1.17
2403	1.04
2408	0.99
2413	1.01
2418	1.02
2423	1.22
2428	1.22
2433	1.15
2438	1.50
2443	1.22
2448	1.28
2453	1.30
2458	1.19
2463	1.14
2468	1.03
2473	1.30
2478	1.35
2483	1.20
2488	1.07
2493	1.25
2498	1.61
2503	1.41
2508	1.53
2513	1.57
2518	1.08
2523	1.13
2528	1.26
2533	1.27
2538	1.19
2543	1.06
2548	1.02
2553	1.20
2558	1.21
2563	1.11
2568	1.20
2573	1.50
2578	1.17
2583	1.22
2588	1.33
2593	1.32
2598	1.22
2603	1.12
2608	1.02
2613	1.38
2618	1.54
2623	1.68
2628	1.83
2633	1.47
2638	1.35
2643	1.38
2648	1.20
2653	1.10
2658	1.08
2663	0.95
2668	1.20
2673	1.53
2678	1.72
2683	1.76
2688	1.68
2693	1.44
2698	1.69
2703	1.70
2708	1.68
2713	1.72
2718	1.58
2723	1.70
2728	1.66
2733	1.82
2738	2.03
2743	1.69
2748	1.72
2753	1.66
2758	1.87
2763	2.00
2768	1.51
2773	1.35
2778	1.48
2783	1.32
2788	1.26
2793	1.58
2798	1.25
2803	1.27
2808	1.15
2813	1.11
2818	1.16
2823	0.82
2828	0.89
2833	1.30
2838	1.45
2843	1.42
2848	1.46
2853	1.24
2858	1.36
2863	1.36
2868	1.38
2873	1.83
2878	1.58
2883	1.06
2888	1.03
2893	1.27
2898	1.41
2903	1.48
2908	1.43
2913	1.17
2918	1.05
2923	1.24
2928	1.43
2933	1.78
2938	1.79
2943	1.63
2948	1.57
2953	1.73
2958	1.60
2963	1.68
2968	1.60
2973	1.39
2978	1.39
2983	1.23
2988	1.31
2993	1.35
2998	1.29
3003	1.29
3008	1.56
3013	1.32
3018	1.25
3023	1.42
3028	1.54
3033	1.50
3038	1.48
3043	1.38
3048	1.33
3053	1.61
3058	1.37
3063	1.33
3068	1.35
3073	1.33
3078	1.38
3083	1.35
3088	1.27
3093	1.21
3098	1.23
3103	1.33
3108	1.36
3113	1.22
3118	1.46
3123	1.52
3128	1.35
3133	1.22
3138	1.28
3143	1.35
3148	1.39
3153	1.47
3158	1.55
3163	1.54
3168	1.42
3173	1.34
3178	1.46
3183	1.46
3188	1.36
3193	1.30
3198	1.33
3203	1.24
3208	1.20
3213	1.31
3218	1.38
3223	1.19
3228	1.23
3233	1.23
3238	1.12
3243	1.08
3248	1.53
3253	1.19
3258	1.33
3263	1.63
3268	1.56
3273	1.13
3278	1.22
3283	1.45
3288	1.24
3293	1.13
3298	1.10
3303	1.05
3308	1.26
3313	1.26
3318	1.59
3323	1.70
3328	1.66
3333	1.53
3338	1.30
3343	1.44
3348	1.56
3353	1.35
3358	1.51
3363	1.67
3368	1.65
3373	1.60
3378	1.55
3383	1.75
3388	1.69
3393	1.54
3398	1.65
3403	1.63
3408	1.73
3413	1.53
3418	1.65
3423	1.48
3428	1.61
3433	1.48
3438	1.61
3443	1.32
3448	1.67
3453	1.51
3458	1.69
3463	1.52
3468	1.59
3473	1.26
3478	1.32
3483	1.36
3488	1.64
3493	1.68
3498	1.55
3503	1.25
3508	1.32
3513	1.23
3518	1.21
3523	1.51
3528	1.11
3533	1.00
3538	1.13
3543	1.40
3548	1.20
3553	1.31
3558	1.36
3563	1.49
3568	1.62
3573	1.71
3578	1.32
3583	1.61
3588	1.53
3593	1.31
3598	1.51
3603	1.33
3608	1.48
3613	1.29
3618	1.53
3623	1.49
3628	1.55
3633	1.29
3638	1.34
3643	1.41
3648	1.48
3653	1.44
3658	1.36
3663	1.51
3668	1.23
3673	1.43
3678	1.25
3683	1.43
3688	1.18
3693	1.15
3698	1.27
3703	1.36
3708	1.27
3713	1.53
3718	1.39
3723	1.71
3728	1.51
3733	1.45
3738	1.43
3743	1.24
3748	1.36
3753	1.45
3758	1.36
3763	1.46
3768	1.42
3773	1.61
3778	1.53
3783	1.17
3788	1.42
3793	1.54
3798	1.24
3803	1.24
3808	1.23
3813	1.36
3818	1.11
3823	1.25
3828	1.36
3833	1.64
3838	1.70
3843	1.55
3848	1.50
3853	1.29
3858	1.39
3863	1.33
3868	1.34
3873	1.20
3878	1.17
3883	1.49
3888	1.70
3893	1.24
3898	1.54
3903	1.35
3908	1.45
3913	1.83
3918	1.50
3923	1.19
3928	1.17
3933	1.28
3938	1.25
3943	1.38
3948	1.41
3953	1.34
3958	1.37
3963	1.23
3968	1.50
3973	1.83
3978	1.45
3983	1.30
3988	1.63
3993	1.92
3998	1.68
4003	1.24
4008	1.21
4013	1.35
4018	1.05
4023	1.13
4028	1.37
4033	1.18
4038	1.12
4043	1.17
4048	1.19
4053	1.33
4058	1.53
4063	1.33
4068	1.23
4073	1.23
4078	1.36
4083	1.51
4088	1.56
4093	1.53
4098	1.79
4103	1.93
4108	1.57
4113	1.37
4118	1.32
4123	1.34
4128	1.76
4133	1.84
4138	1.33
4143	1.36
4148	1.70
4153	1.97
4158	1.81
4163	1.57
4168	1.72
4173	1.72
4178	1.80
4183	1.53
4188	1.50
4193	1.41
4198	1.47
4203	1.49
4208	1.51
4213	1.20
4218	1.39
4223	1.54
4228	1.40
4233	1.42
4238	1.24
4243	1.65
4248	1.61
4253	1.71
4258	1.51
4263	1.62
4268	1.68
4273	1.52
4278	1.32
4283	1.36
4288	1.82
4293	1.36
4298	1.54
4303	1.63
4308	1.53
4313	1.57
4318	1.75
4323	1.65
4328	1.43
4333	1.64
4338	1.36
4343	1.41
4348	1.09
4353	1.11
4358	1.35
4363	1.67
4368	1.98
4373	1.78
4378	1.59
4383	1.58
4388	1.64
4393	1.35
4398	1.47
4403	1.37
4408	1.52
4413	1.75
4418	1.77
4423	1.93
4428	1.63
4433	1.93
4438	2.19
4443	1.60
4448	1.63
4453	1.58
4458	1.65
4463	1.61
4468	1.50
4473	1.32
4478	1.39
4483	1.25
4488	1.32
4493	1.18
4498	1.25
4503	1.45
4508	1.91
4513	1.61
4518	1.53
4523	1.75
4528	1.58
4533	1.81
4538	1.59
4543	1.67
4548	1.90
4553	1.33
4558	1.42
4563	1.27
4568	1.35
4573	1.09
4578	1.31
4583	1.37
4588	1.50
4593	1.29
4598	1.72
4603	1.51
4608	1.62
4613	1.74
4618	1.55
4623	1.17
4628	1.17
4633	1.17
4638	1.45
4643	1.74
4648	1.43
4653	1.60
4658	1.59
4663	1.37
4668	1.38
4673	1.39
4678	1.32
4683	1.32
4688	1.51
4693	1.39
4698	1.27
4703	1.59
4708	1.51
4713	1.75
4718	1.39
4723	1.16
4728	1.52
4733	1.69
4738	1.26
4743	1.14
4748	1.26
4753	1.37
4758	1.55
4763	1.43
4768	1.24
4773	1.36
4778	1.28
4783	1.64
4788	2.08
4793	1.48
4798	1.68
4803	1.84
4808	1.64
4813	1.51
4818	1.46
4823	1.68
4828	1.93
4833	2.10
4838	1.71
4843	1.98
4848	1.81
4853	1.72
4858	1.92
4863	1.97
4868	2.00
4873	1.75
4878	1.89
4883	2.13
4888	1.92
4893	2.07
4898	1.81
4903	1.74
4908	1.61
4913	1.26
4918	1.51
4923	1.41
4928	1.29
4933	1.25
4938	1.41
4943	1.57
4948	1.45
4953	1.52
4958	1.45
4963	1.42
4968	1.42
4973	1.68
4978	1.64
4983	1.92
4988	2.08
4993	1.67
4998	1.80
5003	1.58
5008	1.68
5013	1.45
5018	1.45
5023	1.37
5028	1.46
5033	1.44
5038	1.49
5043	1.52
5048	1.57
5053	1.60
5058	1.70
5063	1.63
5068	1.72
5073	2.02
5078	1.93
5083	1.44
5088	1.50
5093	1.47
5098	1.41
5103	1.13
5108	1.49
5113	1.38
5118	1.59
5123	1.44
5128	1.51
5133	1.41
5138	1.18
5143	1.39
5148	1.43
5153	1.46
5158	1.77
5163	1.52
5168	1.75
5173	1.86
5178	1.39
5183	1.80
5188	1.41
5193	1.74
5198	1.59
5203	1.59
5208	1.51
5213	1.45
5218	1.65
5223	1.88
5228	1.75
5233	1.99
5238	2.11
5243	1.66
5248	1.58
5253	1.86
5258	2.28
5263	2.02
5268	1.82
5273	2.11
5278	1.93
5283	1.86
5288	2.06
5293	1.82
5298	1.85
5303	2.30
5308	2.02
5313	1.94
5318	2.18
5323	2.49
5328	1.99
5333	1.65
5338	1.77
5343	1.84
5348	1.47
5353	1.83
5358	1.55
5363	1.43
5368	1.33
5373	1.43
5378	1.25
5383	1.19
5388	1.40
5393	1.28
5398	1.60
5403	1.74
5408	1.37
5413	1.45
5418	1.49
5423	1.64
5428	1.85
5433	1.90
5438	2.06
5443	2.38
5448	2.08
5453	2.17
5458	2.46
5463	2.31
5468	2.00
5473	2.15
5478	1.79
5483	2.25
5488	1.75
5493	1.75
5498	1.96
5503	1.51
5508	1.05
5513	1.16
5518	1.56
5523	1.53
5528	1.29
5533	1.47
5538	1.56
5543	1.50
5548	1.52
5553	1.65
5558	1.51
5563	1.68
5568	1.77
5573	2.02
5578	2.06
5583	2.06
5588	1.91
5593	2.61
5598	2.79
5603	2.64
5608	2.38
5613	2.25
5618	2.05
5623	1.89
5628	1.53
5633	2.11
5638	1.48
5643	1.24
5648	1.44
5653	1.35
5658	1.37
5663	1.65
5668	2.00
5673	2.03
5678	1.77
5683	1.90
5688	1.89
5693	1.25
5698	1.63
5703	1.52
5708	1.47
5713	1.87
5718	1.75
5723	1.49
5728	1.39
5733	1.55
5738	1.50
5743	1.80
5748	1.58
5753	1.62
5758	1.68
5763	1.90
5768	1.62
5773	1.27
5778	1.28
5783	1.28
5788	1.55
5793	1.54
5798	1.46
5803	1.44
5808	1.53
5813	1.57
5818	1.14
5823	1.24
5828	1.48
5833	1.44
5838	1.64
5843	1.70
5848	1.31
5853	1.64
5858	1.51
5863	1.61
5868	1.74
5873	1.55
5878	1.76
5883	1.51
5888	1.42
5893	1.61
5898	1.77
5903	1.88
5908	1.88
5913	2.00
5918	1.90
5923	1.31
5928	1.52
5933	1.95
5938	1.70
5943	1.82
5948	2.03
5953	1.77
5958	1.57
5963	1.88
5968	2.19
5973	1.49
5978	1.40
5983	1.42
5988	1.51
5993	1.15
5998	1.26
6003	1.79
6008	2.23
6013	1.90
6018	1.72
6023	1.64
6028	1.75
6033	1.73
6038	1.34
6043	1.52
6048	1.50
6053	1.63
6058	1.42
6063	1.54
6068	1.27
6073	1.47
6078	1.48
6083	1.79
6088	2.11
6093	1.44
6098	1.41
6103	1.81
6108	1.56
6113	1.63
6118	1.62
6123	1.60
6128	1.58
6133	1.89
6138	1.99
6143	1.69
6148	2.02
6153	1.84
6158	1.57
6163	1.53
6168	1.65
6173	1.62
6178	1.60
6183	1.90
6188	1.79
6193	1.76
6198	1.75
6203	1.96
6208	2.40
6213	2.15
6218	2.02
6223	1.99
6228	1.90
6233	1.71
6238	1.68
6243	1.50
6248	1.51
6253	1.56
6258	1.52
6263	1.60
6268	1.65
6273	1.55
6278	1.69
6283	1.67
6288	2.08
6293	2.23
6298	2.34
6303	2.13
6308	1.92
6313	1.91
6318	1.85
6323	1.73
6328	1.71
6333	1.77
6338	2.02
6343	1.83
6348	1.70
6353	1.72
6358	1.73
6363	1.75
6368	1.72
6373	1.70
6378	1.86
6383	1.80
6388	1.52
6393	1.21
6398	1.40
6403	1.57
6408	1.85
6413	1.86
6418	1.61
6423	2.11
6428	1.95
6433	1.44
6438	1.44
6443	1.41
6448	1.86
6453	1.68
6458	1.79
6463	1.85
6468	1.85
6473	1.85
6478	1.93
6483	1.53
6488	1.49
6493	1.42
6498	1.46
6503	1.55
6508	1.89
6513	1.93
6518	1.79
6523	1.73
6528	1.41
6533	1.43
6538	1.46
6543	1.71
6548	1.86
6553	1.76
6558	1.39
6563	1.60
6568	1.79
6573	1.42
6578	1.40
6583	2.92
6588	1.57
6593	1.28
6598	1.47
6603	1.43
6608	1.28
6613	1.23
6618	1.45
6623	1.64
6628	1.42
6633	1.59
6638	1.55
6643	1.61
6648	1.57
6653	1.52
6658	1.85
6663	2.13
6668	1.94
6673	1.62
6678	1.60
6683	1.64
6688	1.67
6693	1.58
6698	1.79
6703	1.25
6708	1.44
6713	1.62
6718	1.28
6723	1.42
6728	1.59
6733	1.51
6738	1.45
6743	1.37
6748	1.56
6753	1.64
6758	1.64
6763	1.42
6768	1.33
6773	1.34
6778	1.37
6783	1.34
6788	1.62
6793	1.63
6798	1.43
6803	1.95
6808	1.46
6813	1.52
6818	1.62
6823	1.45
6828	1.56
6833	1.45
6838	1.29
6843	1.41
6848	1.83
6853	2.01
6858	1.79
6863	1.74
6868	1.85
6873	1.75
6878	1.87
6883	1.80
6888	1.37
6893	1.67
6898	1.90
6903	1.75
6908	2.39
6913	2.17
6918	2.05
6923	1.83
6928	1.67
6933	1.81
6938	1.67
6943	1.76
6948	1.67
6953	1.72
6958	2.07
6963	2.15
6968	2.26
6973	1.77
6978	1.88
6983	1.94
6988	1.46
6993	1.32
6998	1.57
7003	1.77
7008	1.77
7013	1.75
7018	1.52
7023	1.65
7028	1.56
7033	1.97
7038	1.77
7043	1.67
7048	1.58
7053	1.59
7058	1.50
7063	2.25
7068	1.69
7073	1.45
7078	1.38
7083	1.65
7088	1.66
7093	1.73
7098	1.41
7103	1.54
7108	1.53
7113	1.53
7118	1.52
7123	1.52
7128	1.72
7133	1.71
7138	1.46
7143	1.60
7148	1.30
7153	1.75
7158	1.93
7163	2.00
7168	2.27
7173	2.27
7178	2.20
7183	2.19
7188	1.98
7193	1.81
7198	1.69
7203	1.62
7208	1.69
7213	1.57
7218	2.07
7223	1.52
7228	2.26
7233	2.17
7238	1.57
7243	1.58
7248	1.72
7253	1.81
7258	1.95
7263	2.05
7268	2.12
7273	2.13
7278	2.31
7283	2.21
7288	2.34
7293	1.74
7298	1.75
7303	1.74
7308	1.80
7313	1.70
7318	1.77
7323	2.09
7328	2.03
7333	1.70
7338	1.82
7343	2.01
7348	1.70
7353	1.46
7358	1.76
7363	1.43
7368	1.91
7373	1.74
7378	2.54
7383	1.44
7388	1.97
7393	1.80
7398	1.57
7403	1.48
7408	1.83
7413	1.91
7418	1.84
7423	1.80
7428	2.15
7433	2.48
7438	2.24
7443	1.61
7448	1.64
7453	1.52
7458	1.47
7463	1.58
7468	1.48
7473	1.31
7478	1.60
7483	1.98
7488	1.97
7493	1.43
7498	1.84
7503	1.49
7508	1.64
7513	1.59
7518	1.45
7523	1.76
7528	2.32
7533	1.96
7538	1.38
7543	1.60
7548	1.66
7553	1.59
7558	1.62
7563	1.79
7568	2.02
7573	2.01
7578	1.91
7583	1.82
7588	1.73
7593	1.65
7598	1.60
7603	1.57
7608	1.75
7613	2.09
7618	1.66
7623	1.68
7628	1.72
7633	1.73
7638	1.45
7643	1.82
7648	1.57
7653	1.86
7658	1.80
7663	1.45
7668	1.63
7673	1.89
7678	1.70
7683	2.12
7688	2.34
7693	1.93
7698	1.31
7703	1.55
7708	2.00
7713	1.44
7718	1.93
7723	1.53
7728	1.39
7733	1.57
7738	1.52
7743	1.42
7748	1.32
7753	1.77
7758	1.59
7763	1.45
7768	1.46
7773	1.53
7778	1.64
7783	1.59
7788	1.61
7793	1.83
7798	1.62
7803	1.44
7808	1.45
7813	1.50
7818	1.54
7823	1.53
7828	1.77
7833	1.82
7838	1.44
7843	1.51
7848	1.79
7853	1.84
7858	1.88
7863	1.70
7868	1.72
7873	1.60
7878	1.99
7883	1.65
7888	1.29
7893	1.42
7898	1.45
7903	1.69
7908	1.52
7913	1.41
7918	1.49
7923	1.60
7928	1.76
7933	1.73
7938	1.87
7943	1.99
7948	1.89
7953	1.49
7958	1.66
7963	1.87
7968	1.92
7973	1.38
7978	1.66
7983	1.65
7988	1.64
7993	1.79
7998	1.85
8003	1.33
8008	1.15
8013	1.49
8018	1.44
8023	1.47
8028	1.47
8033	1.44
8038	1.43
8043	1.66
8048	1.77
8053	1.65
8058	1.63
8063	1.69
8068	1.77
8073	1.79
8078	1.70
8083	1.65
8088	1.62
8093	1.50
8098	1.32
8103	1.47
8108	1.48
8113	1.50
8118	1.54
8123	1.58
8128	1.57
8133	1.41
8138	1.82
8143	1.83
8148	1.88
8153	1.86
8158	1.80
8163	1.74
8168	1.65
8173	1.86
8178	1.77
8183	1.63
8188	1.68
8193	1.97
8198	2.06
8203	1.81
8208	1.79
8213	1.60
8218	1.39
8223	1.26
8228	1.51
8233	1.73
8238	1.73
8243	1.73
8248	1.73
8253	1.55
8258	1.26
8263	1.22
8268	1.42
8273	1.67
8278	1.37
8283	1.43
8288	1.27
8293	1.44
8298	1.28
8303	1.30
8308	1.67
8313	1.76
8318	1.51
8323	1.51
8328	1.69
8333	1.66
8338	1.50
8343	1.47
8348	1.52
8353	2.12
8358	2.03
8363	1.73
8368	1.46
8373	1.57
8378	1.83
8383	1.88
8388	1.87
8393	1.90
8398	1.65
8403	1.74
8408	1.77
8413	1.67
8418	1.73
8423	1.78
8428	1.80
8433	1.89
8438	1.92
8443	1.74
8448	1.52
8453	1.44
8458	1.47
8463	1.49
8468	1.63
8473	1.23
8478	1.33
8483	1.16
8488	1.18
8493	1.43
8498	1.51
8503	1.37
8508	1.35
8513	1.53
8518	1.40
8523	1.52
8528	1.55
8533	1.55
8538	1.43
8543	1.56
8548	1.69
8553	1.68
8558	1.65
8563	1.54
8568	1.57
8573	1.48
8578	1.38
8583	1.65
8588	1.27
8593	1.31
8598	1.47
8603	1.59
8608	1.63
8613	1.56
8618	1.36
8623	1.35
8628	1.46
8633	1.47
8638	1.50
8643	1.58
8648	1.66
8653	1.70
8658	1.69
8663	1.68
8668	1.72
8673	1.78
8678	1.75
8683	1.31
8688	1.29
8693	1.27
8698	1.22
8703	1.27
8708	1.47
8713	1.51
8718	1.35
8723	1.45
8728	1.44
8733	1.18
8738	1.13
8743	1.38
8748	1.62
8753	1.62
8758	1.48
8763	1.42
8768	1.44
8773	1.56
8778	1.54
8783	1.56
8788	1.65
8793	1.55
8798	1.40
8803	1.56
8808	1.42
8813	1.36
8818	1.22
8823	1.19
8828	1.31
8833	1.53
8838	1.54
8843	1.03
8848	1.15
8853	1.23
8858	1.25
8863	1.26
8868	1.30
8873	1.36
8878	1.44
8883	1.37
8888	1.44
8893	1.57
8898	1.58
8903	1.67
8908	1.59
8913	1.48
8918	1.45
8923	1.25
8928	1.36
8933	1.31
8938	1.32
8943	1.45
8948	1.45
8953	1.37
8958	1.44
8963	1.37
8968	1.48
8973	1.58
8978	1.71
8983	1.64
8988	1.68
8993	1.83
8998	1.86
9003	1.82
9008	1.68
9013	1.57
9018	1.54
9023	1.48
9028	1.63
9033	1.84
9038	1.75
9043	1.73
9048	1.83
9053	1.75
9058	1.60
9063	1.59
9068	1.61
9073	1.63
9078	1.60
9083	1.46
9088	1.21
9093	1.12
9098	1.14
9103	1.25
9108	1.41
9113	1.70
9118	1.75
9123	1.70
9128	1.58
9133	1.66
9138	1.92
9143	1.45
9148	1.56
9153	1.46
9158	1.61
9163	1.62
9168	1.36
9173	1.57
9178	2.32
9183	1.84
9188	1.49
9193	1.50
9198	1.47
9203	1.45
9208	1.53
9213	1.37
9218	1.49
9223	1.73
9228	1.74
9233	1.83
9238	1.84
9243	1.75
9248	1.59
9253	1.58
9258	2.13
9263	1.83
9268	1.61
9273	1.57
9278	1.55
9283	1.55
9288	1.62
9293	1.78
9298	1.83
9303	1.47
9308	1.76
9313	1.49