t	y_obs
304.47	1.75
306.73	2.149
309	1.59
311.59	1.773
314.02	1.56
316.4	1.455
318.64	1.31
320.8	1.694
323.24	1.48
325.99	2.202
328.4	1.34
330.74	1.228
333.35	1.05
335.52	1.008
337.89	1.3
340.32	1.351
342.71	1.43
345.21	1.436
347.61	1.41
350.16	1.721
352.54	1.79
354.7	1.385
357.07	1.11
359.43	1.728
361.79	1.59
364.03	1.612
366.6	1.01
369.06	1.652
371.44	1.46
373.79	1.484
376.05	0.938
378.41	1.213
380.79	1.65
383.65	1.105
386.12	1.56
388.66	1.32
390.96	1.92
393.29	1.692
395.67	1.33
398.09	1.962
400.35	1.6
402.99	1.628
405.55	1.73
407.87	1.55
410.44	1.85
412.77	1.738
415.09	1.91
417.48	1.924
419.85	1.84
422.26	1.697
427.15	1.658
429.51	1.93
432.37	1.672
434.62	1.72
437.04	1.639
439.33	1.68
441.72	1.379
444.1	1.47
446.49	1.567
451.16	2.116
453.67	1.89
456.16	1.357
458.9	1.48
461.27	1.566
463.91	1.57
466.43	1.612
469	1.7
471.4	2.015
473.93	2.06
476.6	1.628
479.41	1.97
481.8	1.931
484.24	1.82
486.62	2.372
488.96	2.1
491.34	1.673
493.72	2.4
496.34	2.063
498.75	1.8
501.18	1.628
503.58	1.42
505.91	1.996
508.21	1.47
510.63	1.757
513.29	1.65
515.7	1.297
518.26	1.66
520.67	1.54
523.25	1.64
526.06	1.67
528.75	1.32
531.25	1.372
533.65	1.4
536.18	1.561
538.56	1.35
540.87	1.817
543.2	1.41
545.59	1.449
548.07	1.49
550.7	1.503
555.54	1.282
560.38	1.523
565.44	1.421
570.95	1.436
576.38	0.967
581.46	1.208
592.25	1.339
597.76	0.982
603.14	1.697
608.42	1.157
613.38	1.71
623.81	1.706
628.93	1.793
634.41	1.604
639.66	1.781
644.87	1.542
649.59	2.072
654.54	1.224
659.71	1.667
664.78	2.053
669.71	1.525
674.52	1.822
679.67	1.689
684.6	1.872
689.94	1.19
695.45	1.076
700.55	1.452
705.78	0.953
711.2	1.239
716.2	1.301
726.51	1.329
731.18	1.376
741.61	1.191
746.59	1.212
751.63	1.369
756.68	0.967
762	1.646
767.45	1.381
772.67	1.41
777.72	1.32
783.15	1.478
788.26	1.221
793.57	1.374
799	1.629
804.7	1.181
809.92	1.237
814.99	1.013
819.83	1.061
825.12	1.632
830.18	1.227
835.48	1.636
841.22	1.418
846.73	1.174
849.52	1.304
852.23	1.177
857.47	1.323
862.58	1.364
867.59	1.146
872.77	1.442
877.98	1.216
883.39	1.562
888.48	1.206
893.76	1.3
899.32	1.268
904.47	1.569
909.78	1.273
914.92	1.533
920.09	1.831
925.67	1.837
935.84	1.435
941.35	1.543
946.77	1.241
951.78	1.242
954.45	1.521
957.16	1.799
962.5	1.809
967.9	1.245
973.5	1.394
978.4	1.387
983.6	0.967
988.8	1.111
993.7	1.127
998.4	1.093
1003.6	1.294
1014	1.076
1019.4	1.214
1024.7	1.518
1029.8	1.009
1040.4	1.635
1045.7	1.551
1050.7	1.188
1055.6	1.826
1066.3	1.303
1071.8	1.269
1077.1	1.239
1082.6	1.357
1088	1.017
1093.4	1.384
1099.1	1.314
1104.6	1.521
1110	1.243
1115	1.058
1119.9	1.657
1125.4	1.224
1130.8	1.174
1135.9	1.256
1140.9	1.14
1146.8	1.4
1152.3	0.965
1157.9	1.224
1163.4	1.208
1173.7	1.337
1176.4	1.775
1179.5	1.451
1184.5	1.598
1189.8	1.109
1192.4	1.267
1199.8	1.425
1205	1.112
1210	1.362
1215.1	1.083
1217.8	1.263
1225.9	1.227
1228.5	1.214
1231.1	1.783
1236.4	1.414
1241.4	1.433
1246.5	1.667
1249.4	1.633
1252.1	1.625
1257.8	1.621
1263.3	1.76
1268.7	1.533
1274	2.062
1279.9	2.213
1285.2	1.598
1290.4	1.906
1295.9	1.835
1306.4	1.741
1311.8	1.482
1317	1.138
1322.1	1.689
1327.7	1.506
1330.6	1.249
1333.4	1.598
1336.2	1.497
1339	1.154
1341.6	1.193
1344.6	2.093
1347.1	1.273
1349.8	1.545
1352.5	1.861
1355	1.372
1357.9	1.675
1360.7	1.212
1366	1.631
1371.9	1.493
1377.2	1.364
1382.8	1.265
1388.6	2.07
1394.1	1.38
1399.3	1.032
1404.3	0.963
1409.6	1.249
1414.9	1.268
1420.7	1.51
1426.1	1.487
1431.9	1.39
1437.6	1.183
1443.2	1.098
1449.2	0.988
1455	1.249
1460.6	1.572
1466	1.202
1471.7	1.312
1477.6	1.497
1483.6	1.265
1489.4	1.434
1494.8	1.422
1500	1.181
1506.1	1.366
1511.7	1.515
1516.9	1.054
1522.2	1.445
1527.6	1.495
1533.6	1.199
1539.1	1.429
1544.3	1.385
1550	1.473
1555.3	1.402
1560.5	1.319
1566	1.328
1571.8	1.16
1577	1.212
1582	1.168
1587.3	1.252
1592.7	1.027
1598.2	1.117
1603.7	1.161
1609.3	1.539
1614.9	1.261
1621	1.179
1626.4	0.926
1632	1.351
1637.6	1.301
1643.3	1.061
1649.2	0.991
1654.9	1.001
1660.6	0.932
1665.8	1.061
1671.8	1.458
1677.6	1.039
1683.1	1.288
1688.5	1.238
1694.1	1.47
1699.7	1.801
1705	1.445
1710.7	1.525
1716.3	1.485
1722.1	1.187
1733.6	1.397
1739.5	1.247
1742.2	1.096
1751.2	1.182
1757.3	1.174
1762.6	1.413
1768	1.536
1773.6	0.964
1779.4	1.555
1785.2	0.906
1790.9	1.218
1796.9	1.484
1803	1.173
1808.7	1.429
1814.4	1.045
1819.8	1.111
1825.4	1.128
1831.1	1.38
1836.7	1.376
1842.5	1.426
1848.2	2.253
1853.9	1.42
1859.5	1.535
1864.9	1.304
1870.6	0.958
1876.3	1.134
1881.9	1.207
1887.4	1.126
1892.9	1.691
1895.7	1.08
1898.5	0.964
1901.2	2.09
1903.8	1.516
1909.4	1.449
1914.8	1.395
1920.7	1.208
1926.2	1.269
1931.6	1.207
1937	1.124
1943	1.02
1948.7	1.203
1954.5	1.039
1957.2	1.11
1960.2	1.354
1963.1	1.34
1966.1	1.364
1968.9	1.42
1971.8	1.197
1974.9	1.4
1977.7	1.376
1980.4	1.12
1983.1	1.234
1986	0.95
1988.9	1.229
1991.7	1.05
1994.6	1.282
2000.2	1.237
2003	0.88
2005.7	1.104
2008.4	1.14
2011.2	1.258
2014.1	1.51
2017	1.671
2019.9	1.21
2023.5	1.499
2029.6	1.361
2032.6	1.17
2035.3	1.43
2041.1	1.247
2044.4	0.97
2047.5	1.183
2050.6	1.37
2053.4	1.33
2058.8	1.178
2061.8	1.23
2064.7	1.413
2070.6	1.572
2073.5	1.38
2079.2	0.97
2081.9	1.273
2084.6	1.21
2087.5	1.097
2090.5	1.3
2093.6	1.5
2096.8	0.95
2099.8	1.431
2102.6	1.38
2105.6	1.673
2108.5	1.12
2117.2	1.359
2120.1	1.17
2122.9	1.59
2125.9	1.11
2128.9	1.265
2131.6	1.1
2134.7	1.14
2137.5	1.37
2140.4	1.183
2143.2	1.32
2146.1	1.823
2148.9	1.17
2151.9	1.108
2154.9	1.38
2157.9	1.394
2160.7	0.93
2163.9	1.212
2167	1.15
2169.9	1.06
2175.7	1.242
2182	0.837
2188.1	1.452
2194	1.149
2199.8	1.172
2205.4	1.396
2211.7	1.231
2217.1	1.316
2222.5	1.589
2228.5	1.334
2234.3	0.893
2240.1	1.227
2245.8	1.122
2251.5	1.096
2257.3	1.229
2263.1	1.143
2268.9	1.432
2274.8	1.088
2277.7	2.024
2281.1	1.392
2286.7	1.187
2292.8	1.042
2298.7	1.26
2311.2	1.837
2317.2	1.316
2322.7	1.768
2328.7	1.771
2334.5	1.346
2340.8	1.621
2346.6	1.467
2352.3	1.315
2357.6	1.433
2363.5	1.654
2369.9	1.447
2375.8	1.39
2381.4	1.329
2387.1	1.169
2392.9	1.065
2399.3	1.343
2405.3	1.181
2411.4	1.239
2417.5	1.086
2423.4	0.978
2429.5	1.018
2435.3	1.013
2441.5	1.338
2447.3	1.056
2453.1	1.562
2458.8	1.122
2464.9	1.379
2470.9	1.204
2477.3	1.172
2483.2	0.999
2488.9	1.369
2494.6	1.32
2500.3	1.049
2505.9	1.214
2511.6	1.677
2517.5	1.295
2523.3	1.773
2528.9	1.054
2534.8	1.138
2541.2	1.293
2547.6	1.244
2553.4	1.084
2559.7	0.993
2565.7	1.223
2571.6	1.206
2577.7	1.036
2583.4	1.578
2589.2	1.116
2595.5	1.261
2601.4	1.357
2607.4	1.246
2613.7	1.126
2619.5	0.996
2626	1.522
2631.8	1.553
2637.9	1.914
2644.2	1.458
2650.4	1.337
2656.5	1.394
2662.3	1.069
2668.4	1.15
2674.6	0.914
2686.5	1.611
2692.9	1.765
2698.9	1.729
2705	1.396
2711.1	1.78
2717.6	1.633
2723.6	1.76
2729.7	1.556
2735.8	1.739
2742	1.609
2748.7	2.136
2754.9	1.656
2761.3	1.734
2767.4	1.62
2773.3	2.151
2779.6	1.515
2785.8	1.328
2791.8	1.549
2797.8	1.088
2804.1	1.65
2810	1.21
2816.2	1.284
2822.1	1.046
2828.4	1.232
2834.7	0.777
2841	0.937
2847.2	1.49
2853.8	1.399
2860.1	1.492
2866.5	1.18
2872.4	1.459
2878.7	1.223
2884.9	1.877
2891.4	1.522
2898.1	0.907
2904.4	1.213
2916.8	1.483
2922.8	1.402
2929	1.002
2935.2	1.217
2941.1	1.426
2947.2	1.86
2953.2	1.713
2959.7	1.525
2966	1.754
2972	1.568
2978.2	1.749
2984.3	1.38
2990.7	1.412
2997	1.188
3003.5	1.371
3009.8	1.32
3016.5	1.242
3022.9	1.622
3029.5	1.198
3035.5	1.341
3041.7	1.551
3048.2	1.487
3054.9	1.483
3061.5	1.239
3067.4	1.662
3074.1	1.287
3080.2	1.369
3086.4	1.317
3092.5	1.391
3099.7	1.311
3106	1.202
3112.4	1.249
3118.8	1.399
3125.6	1.191
3132	1.573
3138.6	1.373
3145.3	1.197
3151.8	1.32
3157.8	1.373
3163.8	1.454
3170	1.567
3176.4	1.505
3182.9	1.311
3189.5	1.469
3195.8	1.463
3202.5	1.279
3209.3	1.348
3215.8	1.218
3222.3	1.19
3228.6	1.448
3234.9	1.173
3241.1	1.244
3247.5	1.205
3253.8	0.977
3260.1	1.604
3266.4	1.045
3272.5	1.63
3278.9	1.606
3281.9	1.32
3285	1.01
3288.2	1.2
3291.4	1.37
3294.6	1.5
3297.7	1.26
3300.7	1.15
3303.8	1.14
3307	0.98
3310.2	1.28
3313.2	0.94
3319.3	1.39
3322.3	1.23
3325.6	1.18
3328.9	2.01
3332.1	1.65
3335.5	1.61
3338.7	1.7
3342	1.614
3345.2	1.24
3348.2	1.349
3351.6	1.33
3354.7	1.694
3358	1.51
3361.1	1.27
3364	1.47
3367.4	1.495
3370.6	1.68
3390.8	1.54
3393.9	1.999
3397.2	1.6
3400.3	1.574
3403.5	1.49
3407	1.719
3410.2	1.68
3413.4	1.538
3416.7	1.85
3419.9	1.537
3423	1.46
3426.2	1.81
3430.1	1.16
3433.3	2.008
3436.6	1.41
3443.4	1.55
3446.6	1.67
3450.2	1.26
3453.4	1.409
3456.6	1.81
3460.2	1.416
3463.5	1.63
3466.8	1.755
3470.1	1.352
3473.5	1.753
3476.9	1.54
3483.3	1.17
3486.5	1.405
3489.6	1.21
3492.8	1.597
3502.8	1.69
3506.3	1.551
3509.4	1.22
3515.8	1.34
3522.2	1.18
3525.3	1.138
3528.8	1.51
3532.3	1.531
3535.6	1.03
3542	1
3545.2	1.072
3548.6	1.56
3552	1.202
3555.4	1.19
3558.7	1.26
3561.8	1.38
3565.1	1.375
3568.3	1.2
3571.9	1.851
3575.6	1.47
3579.2	1.913
3582.3	1.45
3585.5	1.234
3588.8	1.62
3592.5	1.618
3603.2	1.26
3606.5	1.654
3609.7	1.16
3612.9	1.593
3619.7	1.245
3623.2	1.44
3626.5	1.607
3629.7	1.42
3633.1	1.66
3636.8	1.42
3640.2	1.272
3643.5	1.18
3646.7	1.57
3650.3	1.31
3653.8	1.628
3657	1.28
3660.2	1.53
3663.5	1.25
3666.9	1.51
3670.1	1.55
3673.7	1.217
3676.9	1.23
3680	1.539
3683.2	1.26
3686.5	1.211
3689.7	1.53
3693.2	1.279
3696.3	1.02
3699.7	1.2
3702.9	1.2
3706	1.364
3709.1	1.35
3712.6	1.42
3716.1	1.05
3719.3	1.776
3722.6	1.23
3726	1.62
3729.5	1.74
3736.9	1.41
3740.2	1.47
3743.5	1.48
3746.9	1.34
3750.4	1.16
3753.8	1.586
3757.1	1.06
3760.5	1.61
3763.8	1.41
3767.2	1.28
3770.7	1.54
3773.9	1.51
3777.5	1.29
3781.1	1.73
3784.3	1.71
3787.6	1.24
3791	1.14
3794.6	1.362
3798.4	1.54
3801.7	1.59
3805.3	1.17
3808.7	1.3
3815.3	1.14
3818.7	1.38
3821.8	1.37
3825.1	1.16
3828.7	0.99
3832.2	1.38
3835.8	1.38
3839.3	1.32
3842.7	1.82
3845.9	1.72
3852.8	1.53
3856.1	1.63
3859.3	1.23
3866.8	1.44
3870.5	1.25
3874.1	1.42
3881.1	1.2
3887.8	1.16
3894.9	1.87
3898.5	1.347
3901.9	1.18
3905.1	1.68
3908.6	1.25
3911.8	1.48
3915.2	1.4
3918.6	1.911
3925.8	1.399
3932.6	1.111
3939.2	1.294
3946.2	1.242
3953.2	1.457
3960.5	1.327
3967.4	1.381
3974	1.171
3980.8	1.916
3988	1.428
3994.9	1.278
4001.8	1.967
4008.6	1.705
4015.8	1.111
4022.7	1.393
4029.5	0.949
4036.5	1.407
4043.2	1.117
4049.9	1.128
4053.4	1.265
4057	1.125
4063.8	1.567
4071.3	1.278
4078.2	1.211
4085	1.401
4091.8	1.573
4098.6	1.517
4105.6	2.007
4112.3	1.506
4119.9	1.321
4126.7	1.325
4133.6	2.018
4141.3	1.27
4148.4	1.428
4150.1	1.549
4155.3	2.084
4157.1	1.872
4162.5	1.794
4164.4	1.506
4166.2	1.56
4168	1.65
4169.9	1.734
4171.6	1.721
4177.1	1.714
4178.8	1.812
4184.2	1.713
4186	1.348
4191.5	1.567
4193.2	1.343
4198.2	1.533
4200	1.277
4201.9	1.67
4203.6	1.47
4205.4	1.367
4207	1.73
4212.3	1.128
4214.1	1.245
4219.2	1.246
4221.1	1.677
4226.6	1.466
4228.4	1.404
4233.7	1.391
4235.5	1.473
4240.8	1.133
4242.6	1.616
4248.1	1.69
4249.9	1.526
4255	1.8
4256.8	1.495
4262	1.571
4263.7	1.638
4269.6	1.694
4271.5	1.614
4276.8	1.375
4278.5	1.293
4284.2	1.329
4286	1.654
4291.5	1.93
4293.4	1.06
4298.8	1.591
4300.5	1.926
4305.9	1.299
4307.6	1.532
4309.4	1.71
4312.9	1.539
4314.6	1.468
4320	2.041
4321.9	1.561
4327.2	1.431
4329	1.393
4334.4	1.843
4336.1	1.179
4341.6	1.504
4343.4	1.304
4349.2	0.995
4351	1.077
4363.8	1.844
4365.6	2.121
4371	1.522
4373	2.115
4378.3	1.301
4380	1.477
4385.2	1.901
4386.9	1.305
4392	1.406
4399.4	1.564
4401.2	1.14
4406.7	1.712
4408.7	1.806
4414.3	1.585
4416	1.938
4421.2	1.945
4423	1.571
4428.2	1.836
4430	2.001
4435.2	2.274
4437.1	1.679
4443.1	1.513
4445	1.738
4450.3	1.517
4452.2	1.654
4465.1	1.508
4467	1.303
4472.4	1.364
4474.4	1.433
4480.1	1.173
4481.9	1.376
4487.3	1.217
4489.1	1.159
4494.7	1.271
4496.4	1.221
4501.8	1.821
4503.7	1.967
4509.2	1.622
4511.1	1.276
4516.9	1.773
4518.6	1.774
4524	1.551
4525.9	1.597
4531.5	1.947
4533.4	1.619
4538.8	1.507
4540.5	1.834
4546.1	1.925
4548	1.243
4553.5	1.443
4555.3	1.418
4560.8	1.193
4562.5	1.458
4567.9	1.008
4569.8	1.17
4575.5	1.37
4577.4	1.338
4583.1	1.546
4585.1	1.431
4590.9	1.211
4592.7	1.93
4598.6	1.4
4605.9	1.857
4607.8	1.69
4613.3	1.524
4615.1	1.164
4629.4	1.179
4631.1	1.382
4636.4	1.824
4638.3	1.61
4643.6	1.321
4645.4	1.719
4650.9	1.594
4652.6	1.368
4665.4	1.391
4667.4	1.301
4673.1	1.352
4675	1.281
4681.1	1.621
4683	1.44
4688.5	1.199
4690.4	1.39
4695.7	1.691
4697.6	1.383
4704	1.903
4705.9	1.454
4711.9	1.319
4713.7	1.035
4719.4	1.656
4721.4	1.846
4727.3	1.291
4729.3	1.215
4735	1.118
4736.9	1.301
4742.8	1.179
4744.8	1.652
4750.2	1.475
4752	1.454
4757.7	1.224
4759.5	1.169
4765.3	1.552
4767.1	1.14
4772.5	1.694
4774.4	2.293
4780.4	1.587
4782.3	1.367
4788	1.832
4795.7	1.838
4797.9	1.403
4803.8	1.558
4805.6	1.443
4811.2	1.447
4813.1	2.116
4818.6	1.777
4820.4	2.287
4826.1	1.615
4828.1	1.726
4833.8	2.223
4835.6	1.581
4841.2	1.754
4843	1.979
4848.6	1.803
4850.5	2.117
4863.9	1.623
4865.7	2.275
4871.2	1.972
4873.2	1.796
4879	2.72
4881	1.514
4886.9	1.723
4888.9	1.648
4894.7	1.612
4896.5	1.332
4902.2	1.422
4904	1.408
4909.5	1.151
4911.3	1.188
4916.9	1.465
4918.8	1.052
4924.6	1.55
4926.6	1.575
4932.5	1.513
4934.5	1.343
4940.1	1.625
4941.9	1.431
4954.9	1.418
4956.9	1.793
4962.7	1.524
4964.7	1.908
4970.3	1.94
4972.5	2.223
4978.3	1.51
4980.2	1.828
4985.8	1.363
4993.4	1.654
4995.4	1.466
5001.2	1.353
5003	1.566
5008.6	1.174
5010.4	1.31
5015.9	1.384
5017.7	1.268
5023.2	1.921
5025.2	1.363
5031.5	1.622
5033.5	1.402
5039.2	1.784
5041.1	1.681
5047.1	1.485
5048.9	1.736
5054.4	1.975
5056.3	2.076
5061.9	1.922
5063.9	1.069
5069.7	1.467
5071.7	1.493
5077.9	1.732
5079.7	1.64
5085.3	1.032
5087.2	1.14
5093.2	1.166
5095.2	1.334
5101.2	1.674
5103.3	1.423
5109.8	1.476
5111.6	1.53
5117.4	1.427
5119.4	1.013
5124.9	1.552
5126.9	1.223
5132.4	1.536
5134.3	1.355
5140.4	1.906
5142.4	1.559
5148.2	1.5
5150	1.765
5163.5	1.877
5165.4	1.982
5171.3	1.257
5173.4	1.528
5179.6	1.579
5181.5	1.517
5187.6	1.453
5189.5	1.533
5195.4	1.367
5197.5	1.668
5203.4	1.812
5205.2	2.111
5211.4	1.86
5213.4	1.963
5219.4	2.184
5221.3	1.851
5227.2	1.5
5229.1	1.617
5235	1.957
5237.1	2.336
5243.2	2.052
5245.3	1.873
5251.5	1.796
5253.6	2.261
5259.9	1.851
5261.7	1.994
5267.7	1.628
5269.6	2.451
5276	1.565
5278	1.679
5284	2.506
5286	1.976
5291.9	2.063
5293.9	1.875
5299.8	2.248
5301.9	2.607
5307.9	2.104
5309.9	1.856
5316.1	1.597
5318	1.716
5323.6	2.021
5325.5	1.431
5331.6	1.568
5333.9	2.005
5340.3	1.436
5342.2	1.537
5348.4	1.172
5350.4	1.496
5365	1.143
5366.6	1.295
5371.7	1.475
5373.9	1.119
5379.5	1.804
5381.6	1.987
5388.2	1.091
5390.1	1.688
5396	1.284
5398.2	1.536
5404.8	1.55
5406.6	1.925
5412.4	1.729
5414.6	2.065
5420.4	2.049
5422.5	2.555
5429	2.018
5430.9	1.973
5436.6	2.525
5438.7	2.433
5445	2.229
5446.9	1.917
5452.3	2.313
5454.4	1.662
5460.9	2.098
5462.8	2.407
5469.5	1.491
5471.4	1.702
5476.8	1.995
5478.9	1.895
5485.3	1.032
5487.2	1.054
5492.9	1.279
5495	1.614
5501.1	1.57
5503.4	1.192
5509.9	1.467
5511.8	1.475
5517.5	1.609
5519.7	1.47
5526.3	1.479
5528.2	1.797
5533.8	1.284
5535.9	1.802
5541.6	1.583
5543.6	1.795
5549.8	2.043
5551.7	1.998
5558.2	2.224
5560.2	1.803
5566	2.168
5568.3	2.842
5581.9	2.407
5584	2.198
5590.7	2.311
5592.6	1.892
5599	1.906
5600.8	1.343
5606.4	2.279
5608.5	1.865
5614.5	1.15
5616.7	1.285
5622.4	1.482
5624.7	1.324
5631.6	1.367
5633.6	1.466
5639.8	1.949
5641.6	2.057
5647	1.994
5649.1	1.683
5654.9	1.948
5657.2	2.032
5663.5	1.307
5665.7	1.04
5672.4	2.002
5674.3	1.378
5680.5	1.451
5682.5	1.918
5688.2	1.739
5690.4	1.731
5696.1	1.27
5698.4	1.417
5704.8	1.57
5707.1	1.394
5713.7	1.86
5715.6	1.742
5721.8	1.477
5723.7	1.695
5729.5	1.67
5731.7	1.953
5737.6	1.644
5739.7	1.298
5745.6	1.248
5747.7	1.313
5754.3	1.264
5756.1	1.599
5769.6	1.408
5772.2	1.512
5778.9	1.551
5781.1	1.641
5787.5	1.027
5789.9	1.179
5796.8	1.357
5798.8	1.631
5805.4	1.34
5807.3	1.614
5813.1	1.834
5815.3	1.239
5821.2	1.506
5823.3	1.763
5829.5	1.411
5831.7	1.523
5838.4	1.841
5840.3	1.589
5846.7	1.538
5848.6	1.872
5854	1.33
5856.1	1.446
5870.8	1.899
5879.7	1.846
5881.7	2.241
5888.1	1.46
5890	1.217
5895.6	1.801
5897.8	2.031
5904	1.617
5906.2	1.757
5912.5	2.018
5914.8	2.1
5921.7	1.532
5923.6	1.559
5929.7	1.844
5932.1	2.358
5938.5	1.61
5940.8	1.273
5947	1.498
5949.3	1.376
5955.6	1.561
5958	1.111
5965.1	1.311
5974	1.952
5976	2.601
5982.2	1.69
5984.5	1.87
5990.6	1.523
5993	1.512
5999.3	1.55
6001.5	1.529
6008.1	1.668
6010.1	1.469
6016.8	1.538
6018.9	1.693
6024.9	1.328
6027.3	1.627
6033.6	1.191
6035.9	1.387
6042.1	1.544
6044.5	1.38
6051.6	2.109
6053.5	2.172
6060	1.235
6062	1.305
6068	1.933
6070.2	1.549
6076.3	1.604
6078.6	1.675
6085.2	1.565
6087.5	1.619
6094.2	1.56
6096.2	1.846
6103.3	2.082
6105.2	1.659
6110.9	1.859
6113.1	2.323
6119.2	1.412
6121.5	1.67
6127.5	1.478
6129.7	1.669
6137	1.669
6139	1.402
6145.8	2.016
6148	1.785
6154.4	1.793
6156.8	1.747
6163.2	1.752
6165.5	1.87
6171.7	2.463
6181.4	1.822
6183.5	2.273
6190.1	1.762
6192	1.985
6197.9	1.607
6200.1	1.725
6206.1	1.467
6208.4	1.476
6214.6	1.572
6217	1.548
6224.2	1.508
6226.2	1.647
6233.2	1.653
6235.2	1.509
6241.2	1.738
6243.6	1.601
6250.1	2.005
6252.5	2.32
6259.5	2.151
6261.4	2.463
6268	1.983
6269.9	1.92
6277	1.907
6287.2	1.7
6293.6	1.736
6296.2	1.786
6302.7	2.143
6305.2	1.696
6328.9	1.755
6331.2	1.592
6337.8	1.919
6340.2	1.799
6346.9	1.796
6349.4	1.296
6356.7	1.194
6358.6	1.448
6365.2	1.616
6367.1	1.875
6373.4	1.883
6375.8	1.471
6382.2	2.174
6384.6	2.191
6391.5	1.35
6393.9	1.517
6401.2	1.337
6403.1	1.471
6410	2.07
6412.1	1.466
6418.4	1.946
6420.7	1.814
6427.2	1.854
6429.5	1.824
6436.7	2.007
6438.7	1.528
6445.7	1.513
6447.6	1.416
6463.1	1.684
6465.7	2.26
6472.2	1.568
6474.6	1.963
6481	1.545
6483.4	1.38
6490.6	1.454
6492.7	1.318
6499.7	1.802
6501.7	1.594
6507.7	2.216
6510.1	1.291
6516.5	1.529
6519	1.619
6525.5	1.836
6527.9	1.369
6535.3	1.26
6537.5	3.288
6544.5	1.436
6546.5	1.196
6552.6	1.506
6555	1.424
6561.5	1.431
6564	1.118
6570.7	1.427
6580.3	1.684
6582.4	1.339
6589.4	1.641
6591.4	1.534
6597.6	1.615
6599.9	1.614
6606.6	1.471
6609.3	1.604
6616.2	2.161
6625.8	1.746
6628	1.577
6643.6	1.673
6645.9	1.525
6652.3	1.879
6654.7	1.214
6661.3	1.44
6663.7	1.737
6671.3	1.231
6680.2	1.625
6682.1	1.536
6688	1.482
6690.3	1.41
6696.8	1.349
6699.2	1.711
6705.9	1.593
6708.4	1.687
6716.1	1.323
6725.1	1.352
6727.1	1.383
6733	1.314
6735.3	1.59
6741.7	1.699
6744.2	1.175
6751.9	2.158
6753.9	1.53
6761.5	1.396
6763.5	1.724
6770.5	1.429
6778.9	1.653
6781.5	1.278
6788.5	1.319
6797.6	2.002
6800.1	2.037
6807.8	1.722
6810	1.72
6817.2	1.884
6819.2	1.726
6828	1.933
6835.1	1.294
6837.5	1.429
6843.8	2.137
6846.4	1.389
6854.1	2.447
6856.1	2.336
6862.8	2.029
6865	2.078
6871.6	1.587
6874.1	1.726
6880.8	1.838
6883.2	1.577
6889.6	1.85
6892	1.603
6899.5	1.788
6901.6	2.095
6909.1	2.147
6911.3	2.369
6917.5	1.671
6920	1.831
6927	1.982
6929.5	1.544
6936.4	1.294
6938.9	1.509
6946.2	1.8
6948.3	1.767
6955.4	1.747
6957.4	1.373
6963.8	1.454
6966.4	1.462
6973.3	2.073
6976	1.748
6982.9	1.794
6985.5	1.377
6993.2	1.796
6995.3	1.488
7002.4	1.47
7004.4	2.411
7010.9	1.47
7013.4	1.457
7020.3	1.358
7022.7	1.679
7029.5	1.627
7032	1.928
7040.3	1.302
7042.5	1.537
7068.7	1.518
7071.4	1.881
7078.4	1.376
7081	1.456
7088.5	1.094
7090.5	1.375
7097.5	1.831
7099.6	1.978
7106	2.255
7115.5	2.361
7118.2	2.05
7144.6	1.606
7146.9	1.796
7153.4	2.342
7156	1.946
7163	2.045
7165.4	2.515
7172.2	1.752
7174.8	1.404
7182.6	1.757
7184.7	1.673
7209.3	2.331
7211.9	2.394
7218.8	2.126
7221.2	2.524
7228.7	1.635
7230.7	1.841
7238.1	1.761
7240.4	1.665
7247.1	1.748
7249.7	1.571
7256.9	1.821
7259.5	2.302
7266.3	1.654
7268.9	1.725
7276.5	1.781
7278.6	2.207
7285.6	1.58
7287.9	1.435
7294.6	1.766
7303.8	2.188
7306.4	1.541
7313.3	3.158
7316	1.435
7323.9	2.151
7326.1	2.106
7333.3	1.553
7335.5	1.422
7342.1	1.786
7351.4	1.917
7354	1.876
7361.1	2.274
7371.7	2.13
7373.8	2.343
7381.3	1.585
7383.5	1.758
7390.2	1.535
7399.6	1.608
7402.2	1.213
7410.2	1.562
7412.5	1.724
7419.9	2.217
7422	1.626
7429.6	1.633
7431.8	2.038
7438.6	1.355
7441.2	1.845
7448.3	1.439
7450.8	1.431
7458.8	1.94
7461	2.576
7468.5	2.11
7470.7	1.283
7478.3	1.65
7480.6	1.55
7482.9	1.669
7485.1	1.941
7487.3	1.189
7489.8	1.848
7496.5	1.771
7499.1	1.987
7506.3	2.036
7508.9	1.983
7535.9	1.571
7545.8	2.171
7548.3	1.62
7555.4	1.693
7558.2	1.703
7566.7	1.78
7569	1.34
7576.6	1.929
7579	1.482
7585.7	1.888
7588.4	1.901
7595.6	1.529
7598.3	1.321
7605.7	2.06
7608.2	1.593
7616.2	2.076
7618.4	2.402
7625.7	1.958
7627.9	1.375
7634.2	1.225
7636.8	2.411
7643.9	1.284
7646.6	1.579
7654.2	1.365
7656.7	1.614
7664.5	1.269
7666.7	1.686
7674.4	1.455
7676.6	1.438
7683.2	1.277
7685.9	1.814
7693.5	1.563
7696.1	1.373
7703.9	1.563
7706.4	1.396
7714.1	1.647
7723.9	1.571
7726.2	1.595
7733	1.922
7735.8	1.579
7743.1	1.422
7745.6	1.437
7752.7	1.522
7755.4	1.539
7763.4	1.529
7765.6	1.782
7773.3	1.855
7775.5	1.426
7782.3	1.502
7785.2	1.735
7792.8	1.847
7794	1.827
7797.9	1.91
7803.6	1.647
7808.4	1.75
7814.2	1.551
7818.7	2.12
7824.6	1.499
7829.2	1.24
7833.7	1.532
7839.3	1.4
7843.7	1.91
7849.3	1.2
7854	1.598
7859.5	1.39
7864.8	1.822
7869.5	1.68
7875.4	1.824
7884.7	2.027
7889.9	1.45
7894.4	1.637
7899.9	1.83
7904.4	2.066
7909.7	1.28
7915.3	1.676
7925.4	1.628
7934.9	1.918
7940.7	1.29
7945.6	1.129
7951.2	1.56
7956	1.411
7961.6	1.48
7978.3	1.421
7983	1.74
7988.3	1.773
7994.5	1.58
7999.4	1.665
8004.9	1.71
8009.5	1.809
8020.8	1.668
8031.3	1.586
8036.5	1.29
8041.5	1.495
8047.5	1.48
8059.1	1.56
8064.3	1.609
8070.5	1.34
8075.8	1.883
8080.3	1.81
8086.9	1.908
8092	1.81
8097.7	1.775
8103.7	1.62
8108.8	1.914
8114.9	1.68
8119.9	1.596
8126.5	1.92
8134.3	2.096
8139.7	1.77
8146.1	1.8
8151.3	1.51
8156.5	1.34
8162.1	1.22
8167	1.732
8189.5	1.723
8194.2	1.3
8199.9	1.23
8204.7	1.21
8209.7	1.855
8215.9	1.28
8220.6	1.551
8226.2	1.17
8231.9	1.499
8236.9	1.3
8242.6	1.248
8247.3	1.71
8253.3	1.776
8258.4	1.45
8263.2	1.546
8269.1	1.76
8274.2	1.522
8284.3	1.454
8290.1	2.22
8295.8	1.979
8306.6	1.413
8311.7	1.77
8316.7	1.887
8323	1.85
8327.9	1.95
8333.6	1.61
8338.5	1.751
8344	1.78
8349.8	1.651
8354.7	1.75
8366.3	1.82
8371.2	1.955
8387.5	1.43
8392.2	1.471
8398	1.46
8403.9	1.695
8408.9	1.15
8415.1	1.381
8420	1.09
8424.8	1.252
8430.6	1.54
8441.6	1.3
8446.5	1.572
8452	1.37
8458	1.533
8469	1.559
8473.7	1.38
8478.7	1.693
8489.4	1.666
8495.6	1.53
8500.5	1.577
8511.7	1.332
8516.6	1.74
8523	1.224
8532.8	1.539
8539.2	1.63
8544.2	1.608
8550.3	1.36
8555.2	1.334
8561.3	1.48
8568	1.464
8584.3	1.69
8589.4	1.713
8595.5	1.67
8612	1.811
8617.6	1.24
8623.9	1.301
8634.9	1.205
8644.7	1.558
8650.9	1.33
8655.7	1.471
8661.7	1.43
8666.8	1.072
8672.5	1.19
8678.5	1.551
8683.5	1.67
8689.7	1.529
8694.6	1.42
8700.2	1.424
8706.4	1.59
8711.6	1.519
8722.6	1.681
8728.5	1.32
8734.1	1.588
8739.1	1.42
8745.6	1.366
8751.1	1.18
8756.5	1.21
8762.4	1.49
8767.5	1.615
8773.4	0.96
8779.4	1.2
8795.4	1.28
8801.4	1.339
8806.3	1.46
8811.2	1.349
8822.1	1.59
8828.2	1.57
8833	1.75
8838.7	1.42
8844.6	1.56
8849.6	1.22
8855.6	1.369
8860.7	1.3
8865.8	1.348
8871.5	1.53
8876.4	1.316
8882.8	1.47
8888.8	1.348
8894.1	1.47
8900.2	1.581
8905.3	1.74
8911.2	1.59
8916.4	1.82
8922	1.862
8928.4	1.8
8933.5	1.574
8939.7	1.55
8945.1	1.469
8951.2	1.69
8957.5	1.886
8962.5	1.64
8969.1	1.845
8974.2	1.77
8979.3	1.596
8997	1.63
9002.1	1.56
9015.1	1.12
9020	1.12
9025.7	1.22
9030.6	1.42
9035.5	1.767
9046.9	1.649
9053	1.48
9059.3	2.033
9064.3	1.39
9070.2	1.595
9075.2	1.41
9081.5	1.771
9086.8	1.34
9091.9	1.533
9098.5	2.5
9103.7	1.478
9109.9	1.51
9115.1	1.48
9121.5	1.44
9127.8	1.55
9133.1	1.29
9139.5	1.738
9144.6	1.73
9150.3	1.858
9157.1	1.81
9169.9	1.5
9176.4	2.243
9181.8	1.63
9199.3	1.547
9204.6	1.72
9210.3	1.903
9216.7	1.4
9221.7	1.86
9227.8	1.35
9233.1	1.437
9239.4	1.54
9245.6	1.748
9250.7	1.47
9257.5	2.183
9263.1	1.69
9268.2	1.575
9274.2	2.13
9279.3	1.888
9290.8	1.468
9296.9	1.08
9303.3	1.273
9308.6	1.55
9314.7	1.559
