t	y_obs
10	-34.38209383
20	-36.20095142
30	-36.2558703
40	-35.10381843
50	-36.10651133
60	-33.97134526
70	-33.78490071
80	-36.38511484
90	-35.39345024
100	-34.69562948
110	-34.83480049
120	-36.06146861
130	-35.14049602
140	-35.39495287
150	-34.17487421
160	-34.34154152
170	-35.48528555
180	-34.62293215
190	-35.70202902
200	-33.85687767
210	-35.93542722
220	-35.37718141
230	-35.15452639
240	-35.58319005
250	-35.37870686
260	-34.13428299
270	-35.00955043
280	-35.21609899
290	-36.49280842
300	-36.20826425
310	-35.55759504
320	-35.1203117
330	-35.87674585
340	-34.98258177
350	-36.04659708
360	-34.56748558
370	-35.87235524
380	-35.19091038
390	-35.10730401
400	-34.75874477
410	-34.90230832
420	-36.10715404
430	-34.48428676
440	-35.72389065
450	-34.6602667
460	-34.96961183
470	-36.72538493
480	-34.74532181
490	-34.76294784
500	-35.06051573
510	-34.87375719
520	-34.67780726
530	-34.57641056
540	-34.8239704
550	-35.46144294
560	-35.03422176
570	-34.85587253
580	-33.94981602
590	-35.41459575
600	-35.75848074
610	-36.70052128
620	-34.23481608
630	-36.01075445
640	-36.11882418
650	-34.58280561
660	-34.79856892
670	-35.82386832
680	-35.47132966
690	-34.8859641
700	-35.02863456
710	-34.34252558
720	-35.26281322
730	-36.34333127
740	-34.52068618
750	-35.71362129
760	-35.9095448
770	-33.71706399
780	-35.7968289
790	-35.18138627
800	-35.67012996
810	-35.1989591
820	-35.96047638
830	-35.82943215
840	-36.38954373
850	-34.8812277
860	-35.20728058
870	-34.9950644
880	-36.5481303
890	-35.85011373
900	-34.90283697
910	-35.45998507
920	-35.41269182
930	-35.35098708
940	-36.13755634
950	-35.955111
960	-34.81353323
970	-35.36267593
980	-35.80398975
990	-33.98517099
1000	-36.0693699
1010	-35.18
1020	-34.21317944
1030	-35.45371691
1040	-33.14078561
1050	-35.18574256
1060	-35.38007071
1070	-34.52123385
1080	-35.66636752
1090	-33.77194376
1100	-35.35276447
1110	-35.61905165
1120	-35.20861923
1130	-35.29304373
1140	-36.40142472
1150	-35.28915325
1160	-33.56326255
1170	-35.35232293
1180	-34.61204997
1190	-35.79241926
1200	-34.76770388
1210	-34.60761498
1220	-36.46305657
1230	-35.06190608
1240	-33.34662423
1250	-34.44773238
1260	-35.45138215
1270	-34.68105062
1280	-34.54116628
1290	-34.97893568
1300	-35.99426528
1310	-34.74274172
1320	-36.1902029
1330	-34.17584071
1340	-33.82222322
1350	-35.37428342
1360	-34.23211213
1370	-36.35383761
1380	-35.3563598
1390	-34.05082922
1400	-35.53865593
1410	-35.12276762
1420	-34.14996062
1430	-35.68677638
1440	-34.05652553
1450	-34.94651271
1460	-35.94748827
1470	-35.8425338
1480	-36.12951654
1490	-35.85457682
1500	-35.29279705
1510	-34.99818994
1520	-36.06814702
1530	-35.24951825
1540	-34.47332657
1550	-36.91869405
1560	-34.68701409
1570	-34.90050932
1580	-34.70167274
1590	-34.6400733
1600	-34.50301617
1610	-35.25328338
1620	-34.2741131
1630	-34.40468725
1640	-34.91121819
1650	-35.19049959
1660	-35.216074
1670	-34.845855
1680	-34.87037453
1690	-36.6962678
1700	-34.95797863
1710	-34.28972657
1720	-35.7184884
1730	-34.41028296
1740	-34.95327851
1750	-33.86000586
1760	-35.0235235
1770	-35.29708759
1780	-35.87464227
1790	-36.35638354
1800	-36.2086485
1810	-34.17306124
1820	-34.89464072
1830	-35.69075069
1840	-35.45952332
1850	-34.82888856
1860	-35.59246951
1870	-34.95385841
1880	-34.70663271
1890	-35.70268674
1900	-35.20174247
1910	-34.22063003
1920	-35.09979161
1930	-34.42037677
1940	-34.66892639
1950	-34.07731919
1960	-34.40572292
1970	-35.02916504
1980	-33.44338999
1990	-35.69741525
2000	-35.27184206
2010	-35.11342542
2020	-35.60165231
2030	-33.65880688
2040	-34.84803956
2050	-34.23964358
2060	-34.88848304
2070	-37.19883589
2080	-35.11531446
2090	-36.34323927
2100	-34.78471838
2110	-35.1084039
2120	-34.61258128
2130	-33.94876914
2140	-35.70605899
2150	-34.72132247
2160	-35.29169325
2170	-34.69068699
2180	-33.90397261
2190	-34.7
2200	-35.52752042
2210	-35.04483381
2220	-34.96716414
2230	-35.59040338
2240	-35.43425056
2250	-34.27182506
2260	-36.53944902
2270	-33.65846754
2280	-35.8443668
2290	-34.98518127
2300	-34.4900099
2310	-34.76807421
2320	-34.58491603
2330	-36.18146475
2340	-35.52863781
2350	-35.55563873
2360	-35.73627603
2370	-33.82155303
2380	-34.35623139
2390	-35.75089556
2400	-34.32324827
2410	-34.85159254
2420	-35.41381885
2430	-34.08248284
2440	-33.92644209
2450	-34.75265797
2460	-34.17353979
2470	-34.30643173
2480	-35.7994374
2490	-35.51027491
2500	-34.21133827
2510	-34.93585705
2520	-35.04032666
2530	-35.53860431
2540	-33.97663941
2550	-34.35471521
2560	-34.23006889
2570	-34.76219271
2580	-33.80671501
2590	-36.01878691
2600	-34.61282251
2610	-35.48992276
2620	-34.57245423
2630	-33.63745172
2640	-33.87205536
2650	-34.39176472
2660	-36.14227937
2670	-34.68527221
2680	-34.41979781
2690	-35.11880152
2700	-35.52024036
2710	-34.15266118
2720	-35.12742455
2730	-34.35594961
2740	-34.36321941
2750	-33.83148381
2760	-34.30043851
2770	-34.68239077
2780	-34.52368024
2790	-34.94471627
2800	-35.17043641
2810	-35.65089366
2820	-34.94461163
2830	-35.04239434
2840	-35.10033332
2850	-34.21231883
2860	-34.29102054
2870	-33.63481518
2880	-35.34472219
2890	-35.1621579
2900	-35.12000751
2910	-35.02551284
2920	-33.98835129
2930	-35.45949497
2940	-34.63442488
2950	-35.42825053
2960	-35.23541591
2970	-34.62013486
2980	-34.56369221
2990	-33.62283499
3000	-34.99303626
3010	-35.41227832
3020	-33.61762114
3030	-34.58732981
3040	-35.78764015
3050	-35.41104278
3060	-35.03989472
3070	-34.6094024
3080	-35.39052088
3090	-34.38409577
3100	-36.24251785
3110	-35.97720973
3120	-34.164926
3130	-33.94923431
3140	-34.00374842
3150	-36.25868116
3160	-35.05794177
3170	-35.03475599
3180	-35.44003965
3190	-35.38717894
3200	-35.59133006
3210	-33.93518265
3220	-33.67013751
3230	-34.64787869
3240	-35.570958
3250	-34.69857166
3260	-35.57569275
3270	-34.30190002
3280	-34.57285905
3290	-34.6682285
3300	-34.47134657
3310	-34.91779985
3320	-34.30113244
3330	-34.11040454
3340	-34.53780383
3350	-34.43904407
3360	-34.50663026
3370	-32.72800999
3380	-35.06392331
3390	-35.26460966
3400	-34.35012742
3410	-34.51642762
3420	-34.30390646
3430	-35.08823503
3440	-34.93989004
3450	-34.60401226
3460	-35.28819842
3470	-34.6737699
3480	-34.29749177
3490	-34.86439698
3500	-34.52320151
3510	-34.28817709
3520	-34.9102616
3530	-35.17448592
3540	-34.66112663
3550	-34.18678796
3560	-35.59150543
3570	-34.04329061
3580	-33.79822081
3590	-35.11971508
3600	-34.41062599
3610	-34.97622212
3620	-34.88264871
3630	-36.08423798
3640	-34.09296424
3650	-35.31029969
3660	-35.23768574
3670	-34.71172674
3680	-34.90393312
3690	-35.59355938
3700	-34.51874906
3710	-34.92601925
3720	-34.69113663
3730	-35.48905023
3740	-34.46665459
3750	-34.78224534
3760	-33.83567001
3770	-35.28758795
3780	-34.62295606
3790	-36.07059529
3800	-34.37621124
3810	-35.13787448
3820	-34.53002937
3830	-34.26210091
3840	-33.6917285
3850	-35.28714528
3860	-35.24103716
3870	-34.44478955
3880	-33.82948429
3890	-35.34449648
3900	-34.25537753
3910	-34.95657044
3920	-35.90790892
3930	-35.16677587
3940	-35.10358837
3950	-35.37264388
3960	-34.29361493
3970	-34.1959466
3980	-35.75302338
3990	-34.55261469
4000	-34.95333491
4010	-35.39580025
4020	-35.05676059
4030	-34.22787969
4040	-35.46227246
4050	-34.75405052
4060	-35.19427115
4070	-35.18954816
4080	-35.40610445
4090	-35.19847683
4100	-34.05148991
4110	-34.75052292
4120	-34.28315015
4130	-35.4422942
4140	-34.35258365
4150	-34.87670237
4160	-33.91093576
4170	-33.74010068
4180	-34.2024775
4190	-34.40745621
4200	-35.50611688
4210	-34.45456535
4220	-34.92429392
4230	-35.0950454
4240	-34.8485351
4250	-35.45618128
4260	-35.54628154
4270	-34.73413597
4280	-35.56157019
4290	-34.73938947
4300	-34.94636622
4310	-34.64503438
4320	-34.87530315
4330	-35.80259027
4340	-35.01695445
4350	-35.2817603
4360	-34.60593694
4370	-34.48518984
4380	-34.98314678
4390	-34.27438286
4400	-35.41914868
4410	-35.76719378
4420	-34.92287513
4430	-34.40889557
4440	-34.2575412
4450	-33.5582985
4460	-34.93788965
4470	-36.08139836
4480	-34.60700327
4490	-34.33883921
4500	-36.00507804
4510	-34.66625909
4520	-34.67845353
4530	-34.67266555
4540	-35.19442493
4550	-34.75566463
4560	-34.61498349
4570	-34.89552829
4580	-34.07256866
4590	-35.23747277
4600	-33.87824414
4610	-35.38069884
4620	-35.04924878
4630	-34.91289113
4640	-35.13214206
4650	-35.33536382
4660	-35.17260918
4670	-34.83236625
4680	-35.12476395
4690	-35.86082077
4700	-34.50666853
4710	-34.58403417
4720	-34.69122633
4730	-35.29486479
4740	-36.37595546
4750	-34.75901954
4760	-35.41563225
4770	-35.70552006
4780	-34.96717857
4790	-35.71539075
4800	-35.24257842
4810	-33.54268174
4820	-34.86617859
4830	-34.25378478
4840	-36.05824129
4850	-35.12564025
4860	-36.4937305
4870	-34.57574489
4880	-34.16665086
4890	-35.46983048
4900	-34.74916563
4910	-34.74217626
4920	-34.65177609
4930	-34.32627756
4940	-35.01328252
4950	-35.47181293
4960	-34.27510186
4970	-34.19427571
4980	-34.6585639
4990	-35.4791247
5000	-34.49102394
5010	-34.89407389
5020	-34.96788666
5030	-34.28571714
5040	-34.46172756
5050	-33.99418648
5060	-35.10263212
5070	-34.15159883
5080	-33.79218403
5090	-35.65336837
5100	-34.80152343
5110	-34.62665242
5120	-34.13063901
5130	-34.84071016
5140	-35.40007356
5150	-34.60202317
5160	-35.40334899
5170	-36.1234311
5180	-35.11670192
5190	-34.72106522
5200	-35.2540118
5210	-34.13044631
5220	-34.97799835
5230	-34.74204389
5240	-35.67017651
5250	-35.28152271
5260	-35.72425594
5270	-34.39069658
5280	-35.19781439
5290	-35.01866113
5300	-35.72123434
5310	-35.57741217
5320	-35.70712229
5330	-35.15734356
5340	-35.53260558
5350	-35.31965084
5360	-34.85479914
5370	-34.94997162
5380	-34.8577614
5390	-34.32131447
5400	-35.93073709
5410	-35.47306696
5420	-35.32617579
5430	-33.64722459
5440	-34.72930762
5450	-35.26816094
5460	-35.69391663
5470	-34.4665231
5480	-34.58795396
5490	-34.99203664
5500	-35.08262363
5510	-34.65225491
5520	-34.20934991
5530	-35.92214245
5540	-34.40585203
5550	-34.50670651
5560	-35.16024169
5570	-34.91825651
5580	-35.42672528
5590	-34.91034844
5600	-34.52573871
5610	-33.49635095
5620	-35.39602686
5630	-35.30138609
5640	-34.16975047
5650	-34.27827372
5660	-35.13397637
5670	-34.67920006
5680	-35.04930732
5690	-35.67138663
5700	-35.27959839
5710	-34.12088645
5720	-34.84524789
5730	-35.39518247
5740	-34.87074984
5750	-34.99205465
5760	-33.74790187
5770	-35.64171806
5780	-34.46621565
5790	-34.86472813
5800	-34.2151506
5810	-34.22246816
5820	-33.99817475
5830	-34.53123289
5840	-36.14900974
5850	-35.82467771
5860	-34.77120855
5870	-34.78093366
5880	-34.32995849
5890	-33.91079154
5900	-34.23084195
5910	-34.66641323
5920	-33.99624235
5930	-35.54253941
5940	-34.45665956
5950	-34.72416954
5960	-34.83842852
5970	-35.1166069
5980	-35.13511856
5990	-34.01178466
6000	-36.19682362
6010	-34.81577635
6020	-34.85521014
6030	-35.21849075
6040	-35.62704841
6050	-34.20945993
6060	-35.2229407
6070	-33.90328897
6080	-34.84373525
6090	-35.02146261
6100	-34.80544911
6110	-35.53806409
6120	-34.7398309
6130	-34.92916418
6140	-34.82422537
6150	-35.72330413
6160	-34.14576601
6170	-34.65453679
6180	-34.55976191
6190	-34.34601958
6200	-35.50321122
6210	-34.96991268
6220	-35.72737237
6230	-34.69704694
6240	-35.47547071
6250	-35.53096928
6260	-34.63079122
6270	-33.58145417
6280	-34.53879669
6290	-35.0675877
6300	-35.32056313
6310	-34.79774793
6320	-34.99339703
6330	-34.41587724
6340	-35.57631543
6350	-34.56926611
6360	-34.93409353
6370	-34.95482702
6380	-34.30678602
6390	-34.31000038
6400	-34.60862349
6410	-35.28660459
6420	-34.94626523
6430	-34.47760792
6440	-35.80133515
6450	-34.88374362
6460	-34.8979145
6470	-34.5034869
6480	-35.56167927
6490	-34.69368889
6500	-34.55667223
6510	-35.21047308
6520	-34.94514402
6530	-34.99694801
6540	-34.25342042
6550	-34.83702148
6560	-35.48866759
6570	-34.89646293
6580	-34.84284485
6590	-34.5891403
6600	-35.03567638
6610	-34.67041636
6620	-34.67726636
6630	-34.98988437
6640	-34.45848539
6650	-35.20190252
6660	-34.7196641
6670	-34.34676877
6680	-35.65080534
6690	-34.2754467
6700	-34.91503414
6710	-35.79212278
6720	-34.75
6730	-34.80158532
6740	-34.75438265
6750	-34.05619148
6760	-34.2555451
6770	-34.73682005
6780	-35.39859162
6790	-34.20268614
6800	-34.16723474
6810	-34.49948898
6820	-34.98621054
6830	-35.24583985
6840	-34.67719479
6850	-35.35148619
6860	-34.86388804
6870	-34.95692237
6880	-35.15541044
6890	-34.26410804
6900	-35.51415924
6910	-33.74662791
6920	-34.80303705
6930	-33.50192981
6940	-35.31656746
6950	-34.60121567
6960	-33.88945629
6970	-34.90836339
6980	-35.29801808
6990	-34.60217445
7000	-34.70929583
7010	-34.39639643
7020	-34.66181304
7030	-34.82201581
7040	-34.84148176
7050	-34.52000557
7060	-34.41373537
7070	-34.2873004
7080	-34.88136437
7090	-34.54124376
7100	-34.88208755
7110	-35.14069927
7120	-35.43476553
7130	-35.85
7140	-35.89896553
7150	-34.82687978
7160	-33.47711842
7170	-34.48702064
7180	-34.60733654
7190	-35.49728329
7200	-34.69265514
7210	-33.79163331
7220	-34.50549022
7230	-34.55563358
7240	-34.67282064
7250	-34.97070993
7260	-33.91146934
7270	-34.40242276
7280	-34.18129951
7290	-34.04260338
7300	-33.96332458
7310	-35.26913582
7320	-34.63168475
7330	-34.70248002
7340	-34.84132386
7350	-33.883068
7360	-35.09210932
7370	-34.16798299
7380	-34.31146221
7390	-34.95400574
7400	-34.1663741
7410	-35.01541185
7420	-34.35029634
7430	-34.94274752
7440	-34.86938746
7450	-35.03517099
7460	-34.93148604
7470	-34.37478071
7480	-35.00301957
7490	-34.08128084
7500	-34.8788138
7510	-35.05428156
7520	-34.09765778
7530	-34.87043192
7540	-34.55069277
7550	-35.2209463
7560	-33.8019924
7570	-34.99904206
7580	-34.45988794
7590	-35.37852124
7600	-35.08672406
7610	-34.63965905
7620	-34.14515197
7630	-35.93096496
7640	-34.56751804
7650	-34.97089223
7660	-35.00205898
7670	-35.01040913
7680	-34.05836711
7690	-33.85841527
7700	-33.61960829
7710	-34.52235281
7720	-35.10971013
7730	-33.64171191
7740	-34.75750117
7750	-34.00743728
7760	-35.15337445
7770	-35.18440316
7780	-33.70639275
7790	-34.35524188
7800	-34.60248794
7810	-34.49663175
7820	-34.08965274
7830	-34.56
7840	-34.5970398
7850	-34.26263338
7860	-35.10980421
7870	-34.70613809
7880	-35.47358739
7890	-34.98086137
7900	-34.38085278
7910	-34.65556516
7920	-34.9275745
7930	-34.44469413
7940	-35.17495094
7950	-34.55102985
7960	-33.59589278
7970	-34.57380853
7980	-33.95419562
7990	-34.24067196
8000	-34.90637535
8010	-35.39517346
8020	-34.72328499
8030	-34.90378518
8040	-36.31596343
8050	-34.41167034
8060	-36.10957229
8070	-34.87567329
8080	-34.43408172
8090	-35.19434873
8100	-35.2689661
8110	-35.30253539
8120	-35.78992807
8130	-36.09203721
8140	-35.68627928
8150	-34.08657938
8160	-35.70994126
8170	-35.85646596
8180	-35.61416742
8190	-35.47821228
8200	-37.86751576
8210	-36.23057339
8220	-35.65855203
8230	-34.38046352
8240	-36.37067644
8250	-34.868586
8260	-34.28309198
8270	-34.54866697
8280	-35.68990815
8290	-34.36215881
8300	-35.19397287
8310	-34.37544005
8320	-35.35817155
8330	-34.97998194
8340	-34.36224409
8350	-34.68583044
8360	-34.55702856
8370	-35.26210552
8380	-35.58171964
8390	-34.62504484
8400	-34.4167049
8410	-34.81408697
8420	-35.79985715
8430	-34.64387636
8440	-34.74599061
8450	-33.90433682
8460	-34.87509034
8470	-35.70984875
8480	-34.06211883
8490	-35.02920311
8500	-34.79171031
8510	-34.67573791
8520	-35.05226725
8530	-34.43468466
8540	-34.34101039
8550	-35.07325501
8560	-33.68995862
8570	-35.3999404
8580	-34.53763709
8590	-35.68068102
8600	-35.00276597
8610	-35.42852266
8620	-34.74221081
8630	-35.39187982
8640	-35.1481094
8650	-34.30704427
8660	-35.09903349
8670	-35.53642271
8680	-33.92046838
8690	-34.69827565
8700	-34.03773204
8710	-35.06961483
8720	-34.72617791
8730	-35.30891732
8740	-35.38588348
8750	-35.23838032
8760	-34.56717892
8770	-34.22830118
8780	-34.7258887
8790	-35.64077392
8800	-34.42809338
8810	-34.20915719
8820	-35.35159706
8830	-33.86530744
8840	-34.42927019
8850	-34.21417478
8860	-34.70031932
8870	-33.45787994
8880	-34.35178107
8890	-34.48714932
8900	-34.72859282
8910	-33.88253775
8920	-34.31570055
8930	-34.85715069
8940	-34.25020858
8950	-35.37063201
8960	-35.00981712
8970	-34.82044966
8980	-34.48316196
8990	-34.3275213
9000	-35.13275601
9010	-34.72209232
9020	-34.09687523
9030	-34.68478645
9040	-34.79820401
9050	-33.57064031
9060	-33.56527593
9070	-34.71808291
9080	-34.61690167
9090	-34.1882445
9100	-33.71686399
9110	-34.87403445
9120	-35.39600584
9130	-34.74073664
9140	-34.70227082
9150	-34.92400336
9160	-34.93567067
9170	-35.52900462
9180	-36.15065139
9190	-35.40252444
9200	-35.07090744
9210	-34.45943379
9220	-34.43328021
9230	-35.34001814
9240	-33.49707525
9250	-34.6001314
9260	-34.46607498
9270	-35.00825014
9280	-34.82813467
9290	-33.86100511
9300	-34.58992531
9310	-33.9904232
9320	-34.65455498
9330	-34.63910798
9340	-34.35736797
9350	-34.61586873
9360	-34.33800768
9370	-34.30528224
9380	-35.18916774
9390	-34.24480544
9400	-33.19126379
9410	-34.69205896
9420	-34.79356992
9430	-34.54776038
9440	-35.15213749
9450	-36.22380768
9460	-34.9358611
9470	-34.15263116
9480	-35.09976168
9490	-34.45463859
9500	-34.6866031
9510	-34.76581492
9520	-35.18916817
9530	-34.81072147
9540	-34.83
9550	-35.43799091
9560	-33.83584819
9570	-33.55379913
9580	-34.41102975
9590	-35.25867178
9600	-34.09334433
9610	-34.96436248
9620	-34.74311228
9630	-34.75262419
9640	-34.6610297
9650	-34.35522152
9660	-35.43157012
9670	-35.446546
9680	-35.224266
9690	-33.91525485
9700	-34.60154283
9710	-34.77652309
9720	-35.07929693
9730	-34.52684493
9740	-34.74995037
9750	-34.35329418
9760	-34.41339472
9770	-35.00746013
9780	-34.41180462
9790	-35.50559213
9800	-35.58849311
9810	-34.60193733
9820	-34.02023703
9830	-34.48084183
9840	-35.14261721
9850	-34.26131139
9860	-34.89961256
9870	-35.00999738
9880	-34.8752253
9890	-35.62298735
9900	-34.27353053
9910	-35.70078726
9920	-34.83060215
9930	-35.73382486
9940	-35.14193338
9950	-35.108012
9960	-34.80912158
9970	-35.14298636
9980	-35.25849985
9990	-35.97794392
10000	-34.75624915
10010	-34.81684623
10020	-35.64991766
10030	-34.77364651
10040	-35.67418242
10050	-34.67930946
10060	-35.71534047
10070	-35.66023168
10080	-35.51108443
10090	-35.56725517
10100	-36.00023261
10110	-36.01165242
10120	-35.49086405
10130	-35.353737
10140	-35.50665526
10150	-35.07171939
10160	-35.6684353
10170	-36.13526326
10180	-34.58058163
10190	-35.26195754
10200	-36.18837508
10210	-36.91694253
10220	-36.15709735
10230	-36.40346996
10240	-35.66093363
10250	-35.35539566
10260	-34.99571961
10270	-35.52518251
10280	-35.17062067
10290	-34.61274671
10300	-35.29649489
10310	-34.53587443
10320	-35.95634214
10330	-35.26031277
10340	-36.13559714
10350	-36.33687298
10360	-35.302957
10370	-35.56546501
10380	-37.01413978
10390	-35.88421226
10400	-36.40695562
10410	-35.51300074
10420	-34.79572658
10430	-35.60773867
10440	-35.5849772
10450	-35.8220064
10460	-36.07341171
10470	-35.58190791
10480	-35.72882498
10490	-36.54999999
10500	-36.06253038
10510	-34.50091763
10520	-36.88162963
10530	-36.28589182
10540	-36.1027085
10550	-36.27436499
10560	-36.21982365
10570	-35.60287405
10580	-35.32817203
10590	-36.30185388
10600	-36.50212634
10610	-35.85958712
10620	-36.72441292
10630	-36.00763538
10640	-37.80217659
10650	-36.08825629
10660	-36.7453618
10670	-36.49628447
10680	-36.3413441
10690	-37.14832534
10700	-36.07659826
10710	-35.97201504
10720	-36.64749232
10730	-36.65868651
10740	-36.47096023
10750	-36.55004303
10760	-36.86631509
10770	-36.45921629
10780	-36.53684554
10790	-37.41333824
10800	-35.58535648
10810	-35.84658594
10820	-36.73624089
10830	-35.97940344
10840	-36.48382244
10850	-35.78509469
10860	-36.65248992
10870	-35.98467568
10880	-36.30032537
10890	-37.68108546
10900	-36.8736477
10910	-37.17420316
10920	-36.33828071
10930	-36.7122484
10940	-36.17914463
10950	-37.10016637
10960	-37.80128759
10970	-36.07185931
10980	-37.0920753
10990	-36.58650697
11000	-37.21399252
11010	-36.69774025
11020	-36.44502587
11030	-36.46039297
11040	-37.66891488
11050	-36.4484707
11060	-36.7883522
11070	-36.17150608
11080	-35.89114872
11090	-35.50293134
11100	-37.18822133
11110	-35.90464043
11120	-37.08027899
11130	-36.71428637
11140	-36.87991957
11150	-36.6203963
11160	-37.52833408
11170	-36.76726064
11180	-37.43226149
11190	-37.42552712
11200	-37.46606916
11210	-38.42437678
11220	-38.34295261
11230	-38.03956031
11240	-36.63777775
11250	-38.49032191
11260	-37.76868704
11270	-37.21549574
11280	-37.94826159
11290	-37.71262196
11300	-36.70015554
11310	-36.93900662
11320	-36.44411138
11330	-37.61375523
11340	-37.54640066
11350	-37.09525092
11360	-35.57649688
11370	-36.17785917
11380	-36.36686701
11390	-37.48464603
11400	-36.03180575
11410	-36.98062518
11420	-36.49985775
11430	-37.30981276
11440	-36.24134714
11450	-36.26611952
11460	-38.10607772
11470	-36.12536467
11480	-37.45415642
11490	-37.80143269
11500	-38.54629904
11510	-38.69110554
11520	-39.91245854
11530	-40.82525624
11540	-40.7454764
11550	-39.71039644
11560	-39.22267135
11570	-39.14908872
11580	-39.79736348
11590	-40.2087619
11600	-40.74140761
11610	-42.14686428
11620	-40.51114606
11630	-38.95923961
11640	-39.73118217
11650	-40.75529611
11660	-41.80507193
11670	-40.38378236
11680	-39.15248232
11690	-40.53349985
11700	-41.31024345
11710	-41.68089995
11720	-41.39678392
11730	-40.75521979
11740	-40.0204327
11750	-40.01815825
11760	-40.54558364
11770	-40.15417179
11780	-39.48658567
11790	-39.44308412
11800	-40.03708592
11810	-41.07826535
11820	-40.26297258
11830	-40.1529363
11840	-40.31912856
11850	-40.2178942
11860	-40.09394838
11870	-40.00114674
11880	-39.87122491
11890	-39.84262186
11900	-40.0407173
11910	-40.28425604
11920	-40.61241853
11930	-41.14456074
11940	-40.7637
11950	-39.89222598
11960	-40.56200752
11970	-41.04333865
11980	-40.04757944
11990	-40.03734217
12000	-40.63566922
12010	-41.22347307
12020	-41.28925244
12030	-38.8017846
12040	-39.1071488
12050	-41.30641774
12060	-41.23935506
12070	-41.10827782
12080	-40.95220358
12090	-40.47637416
12100	-39.46044574
12110	-40.52775868
12120	-41.75706815
12130	-40.70811085
12140	-40.13622316
12150	-41.16976331
12160	-41.36257123
12170	-41.19457918
12180	-40.19142608
12190	-38.97237788
12200	-39.66887291
12210	-40.45072043
12220	-41.05257872
12230	-41.09441688
12240	-40.96817539
12250	-39.93559292
12260	-39.51474992
12270	-40.57627765
12280	-40.61157823
12290	-40.4705838
12300	-40.53006606
12310	-40.71502928
12320	-41.42850429
12330	-41.57391273
12340	-41.53906123
12350	-41.46679317
12360	-41.30656908
12370	-41.37988503
12380	-41.7374995
12390	-41.58884704
12400	-40.27609647
12410	-40.17077161
12420	-41.49835309
12430	-41.84073488
12440	-41.76492592
12450	-41.57777217
12460	-40.9384607
12470	-40.85518444
12480	-41.27213443
12490	-41.59024726
12500	-41.76716622
12510	-41.93109622
12520	-42.15723648
12530	-42.28999691
12540	-42.28014027
12550	-42.251814
12560	-42.13358935
12570	-41.6311587
12580	-41.04419543
12590	-40.28765668
12600	-39.9514864
12610	-40.81843047
12620	-41.348466
12630	-39.88574446
12640	-39.37338006
12650	-39.31316735
12660	-39.50313877
12670	-39.58061185
12680	-38.65127705
12690	-39.056677
12700	-39.33754925
12710	-38.94913121
12720	-37.13471051
12730	-38.20512675
12740	-37.91745924
12750	-38.18850484
12760	-38.97695158
12770	-38.51333061
12780	-37.42502544
12790	-37.78623911
12800	-37.85742802
12810	-38.4118198
12820	-38.84764291
12830	-39.02310492
12840	-39.60989285
12850	-37.84016406
12860	-37.97242278
12870	-38.7242803
12880	-39.29036487
12890	-38.500156
12900	-39.48848646
12910	-39.49960989
12920	-39.25522347
12930	-39.43655533
12940	-39.7395028
12950	-40.19024036
12960	-40.77312352
12970	-40.41420817
12980	-39.6406155
12990	-38.93527043
13000	-39.41131595
13010	-40.84134359
13020	-40.19792913
13030	-39.75454966
13040	-40.46315085
13050	-40.02559921
13060	-39.2364673
13070	-39.14013921
13080	-39.13308662
13090	-39.15216877
13100	-39.52586342
13110	-39.54107284
13120	-39.08407075
13130	-38.14279005
13140	-38.37019068
13150	-39.21669842
13160	-40.06567515
13170	-38.72606525
13180	-38.27402153
13190	-37.811842
13200	-37.37124945
13210	-37.36463712
13220	-38.42855578
13230	-38.2335575
13240	-37.88332142
13250	-37.73385487
13260	-37.71736592
13270	-37.94288575
13280	-38.58718044
13290	-36.68946143
13300	-37.63913993
13310	-37.51818061
13320	-38.31935373
13330	-37.99517023
13340	-37.87355719
13350	-38.17182559
13360	-37.49504895
13370	-37.09258133
13380	-35.97026055
13390	-36.20181243
13400	-37.76026983
13410	-37.22941547
13420	-37.31672435
13430	-37.7776525
13440	-37.36625152
13450	-37.34319796
13460	-37.9323291
13470	-38.9951877
13480	-39.38000197
13490	-39.01384731
13500	-37.87445043
13510	-37.58730702
13520	-37.64887947
13530	-37.92412242
13540	-37.33252041
13550	-37.39753221
13560	-36.99649153
13570	-37.71960219
13580	-37.8230244
13590	-37.63964968
13600	-37.11522915
13610	-36.46629138
13620	-37.15466768
13630	-37.53511994
13640	-37.45866236
13650	-37.98949153
13660	-37.16412168
13670	-37.99916608
13680	-37.96277644
13690	-37.40823832
13700	-37.41580551
13710	-38.01636505
13720	-37.94200451
13730	-38.04587425
13740	-36.73742408
13750	-37.05809253
13760	-37.70552675
13770	-38.09368445
13780	-37.84793509
13790	-36.83350105
13800	-37.09071973
13810	-37.32995385
13820	-36.73780504
13830	-36.65059224
13840	-37.648144
13850	-38.27755249
13860	-37.80145152
13870	-37.82542551
13880	-39.26481649
13890	-39.04751022
13900	-39.73951695
13910	-40.06267571
13920	-39.27292847
13930	-39.30679329
13940	-39.34348591
13950	-39.18725007
13960	-38.95079676
13970	-38.30081176
13980	-36.81593634
13990	-37.06728077
14000	-37.39043916
14010	-37.24259658
14020	-36.69578133
14030	-37.06687621
14040	-38.53417574
14050	-36.45058027
14060	-38.15002373
14070	-37.99227827
14080	-37.01153239
14090	-37.06514302
14100	-37.1433513
14110	-36.74
14120	-36.89566959
14130	-37.76675891
14140	-36.82869465
14150	-36.47945865
14160	-36.32974559
14170	-36.24064975
14180	-36.75438685
14190	-35.61383166
14200	-36.62520989
14210	-35.02633748
14220	-36.51473217
14230	-34.81141674
14240	-35.46937392
14250	-35.5973114
14260	-35.95050322
14270	-36.70892688
14280	-36.09662196
14290	-36.70199471
14300	-35.74673102
14310	-35.31947182
14320	-36.16850657
14330	-36.80429448
14340	-35.88072557
14350	-35.70117082
14360	-35.53069088
14370	-35.84592261
14380	-36.29275636
14390	-36.26614224
14400	-34.90553497
14410	-34.98446309
14420	-34.41391967
14430	-35.27653456
14440	-35.98750208
14450	-34.89076431
14460	-35.53258553
14470	-35.12325031
14480	-34.92022776
14490	-36.01499585
14500	-35.44182284
14510	-34.95647902
14520	-35.62187799
14530	-36.42305541
14540	-36.15131407
14550	-37.20850949
14560	-36.24912495
14570	-35.95197608
14580	-36.64403696
14590	-37.26001368
14600	-37.62556519
14610	-38.30147454
14620	-39.07250771
14630	-38.52313916
14640	-39.07094806
14650	-40.48242061
14660	-40.56142811
14670	-40.57248696
14680	-40.42145741
14690	-40.04724191
14700	-39.29327909
14710	-38.74446452
14720	-38.39501591
14730	-39.16789127
14740	-39.72947535
14750	-38.85234573
14760	-38.80076761
14770	-39.290557
14780	-39.44222755
14790	-39.7686854
14800	-41.34803786
14810	-41.23819516
14820	-39.71185173
14830	-39.20232817
14840	-38.9949286
14850	-39.3697274
14860	-39.72080305
14870	-38.83437781
14880	-38.45165086
14890	-38.82475855
14900	-39.7285643
14910	-40.3901557
14920	-39.65866431
14930	-39.42033309
14940	-39.56773278
14950	-39.998802
14960	-40.56792223
14970	-40.29468471
14980	-39.68414688
14990	-39.28327767
15000	-39.14112574
15010	-39.88825267
15020	-40.2730874
15030	-39.64357683
15040	-39.24390737
15050	-39.02675801
15060	-39.18778971
15070	-39.47820067
15080	-38.89355992
15090	-38.53652177
15100	-38.43547565
15110	-38.92567801
15120	-39.68041461
15130	-40.00300256
15140	-39.67469844
15150	-38.76072882
15160	-39.27603256
15170	-39.6165195
15180	-39.33123061
15190	-39.26314733
15200	-39.56113166
15210	-39.77339255
15220	-39.89944672
15230	-39.9
15240	-39.91489391
15250	-40.17583811
15260	-40.22882595
15270	-39.02534325
15280	-38.95134087
15290	-40.33001508
15300	-40.42581459
15310	-40.06886361
15320	-40.33039518
15330	-41.54572614
15340	-41.57635557
15350	-41.03732469
15360	-40.44991867
15370	-39.76678201
15380	-39.22314942
15390	-38.78582026
15400	-38.75950795
15410	-39.11039156
15420	-39.41535151
15430	-39.61886437
15440	-39.04078584
15450	-38.45920807
15460	-40.67044691
15470	-41.86078528
15480	-40.1078055
15490	-39.58389722
15500	-39.98420273
15510	-40.08867858
15520	-39.73956876
15530	-39.72814101
15540	-40.33824753
15550	-40.50420472
15560	-40.01759419
15570	-39.87836731
15580	-40.28326439
15590	-40.26351249
15600	-39.62655763
15610	-39.46724366
15620	-40.18500215
15630	-40.31610081
15640	-39.97685922
15650	-39.79218303
15660	-39.72030256
15670	-39.89386271
15680	-40.73314724
15690	-41.22737632
15700	-41.53168329
15710	-41.62780737
15720	-40.96264281
15730	-40.40001555
15740	-40.62962744
15750	-40.98173798
15760	-40.99005627
15770	-40.67242579
15780	-40.47008512
15790	-40.89251236
15800	-41.41711091
15810	-41.37410393
15820	-41.14725661
15830	-40.79695185
15840	-39.88858783
15850	-39.44657755
15860	-39.63150692
15870	-39.82949119
15880	-39.87253519
15890	-39.88994028
15900	-39.43947397
15910	-39.02556904
15920	-39.43904976
15930	-39.66144214
15940	-38.5132017
15950	-38.56548168
15960	-39.50570854
15970	-39.56346502
15980	-39.50019924
15990	-39.18533932
16000	-39.15904805
16010	-39.91455527
16020	-39.92432559
16030	-38.87750996
16040	-39.35591088
16050	-40.58313764
16060	-40.47397563
16070	-39.98162579
16080	-40.10266846
16090	-40.3349233
16100	-39.97726235
16110	-39.36967607
16120	-39.51971825
16130	-39.89558556
16140	-39.19462963
16150	-38.36028722
16160	-38.96305918
16170	-39.36829066
16180	-38.24357882
16190	-38.35298226
16200	-39.35901786
16210	-39.96377893
16220	-40.19115219
16230	-39.7134269
16240	-39.48189405
16250	-39.79682712
16260	-39.7838886
16270	-39.28156253
16280	-39.46702735
16290	-40.49064084
16300	-40.71890988
16310	-40.49514866
16320	-40.50460422
16330	-40.83136154
16340	-40.80734245
16350	-38.96410187
16360	-38.00790355
16370	-39.53856875
16380	-40.32480815
16390	-40.21619007
16400	-39.93145125
16410	-38.62490815
16420	-38.71576127
16430	-40.18524775
16440	-40.47175795
16450	-39.87845119
16460	-39.91534024
16470	-40.70808221
16480	-41.01624034
16490	-41.14273227
16500	-41.16988021
16510	-40.82298501
16520	-40.37094356
16530	-40.03394774
16540	-39.7364803
16550	-39.49524741
16560	-39.29679535
16570	-39.43133103
16580	-40.25943933
16590	-40.34734295
16600	-40.02844166
16610	-39.51265435
16620	-38.73649351
16630	-38.77242556
16640	-39.10291891
16650	-39.78666097
16660	-40.80700838
16670	-40.80781202
16680	-40.53018006
16690	-40.27861272
16700	-40.04866607
16710	-40.01
16720	-40.01
16730	-39.71260748
16740	-38.5940293
16750	-38.60471763
16760	-40.17441334
16770	-40.94302355
16780	-41.05657295
16790	-41.0129843
16800	-40.38759446
16810	-39.96017136
16820	-40.17859623
16830	-40.40878676
16840	-40.27172658
16850	-39.99311997
16860	-39.79192483
16870	-39.62801928
16880	-39.76369564
16890	-40.50777909
16900	-40.66012427
16910	-40.25829881
16920	-40.02620823
16930	-40.7257987
16940	-41.4489129
16950	-41.37993344
16960	-41.14738005
16970	-40.76301868
16980	-39.92932463
16990	-39.30904185
17000	-39.07314355
17010	-38.88654057
17020	-38.66047253
17030	-38.55124228
17040	-38.79556588
17050	-38.94122507
17060	-38.95854525
17070	-39.25758079
17080	-39.89623753
17090	-39.43260106
17100	-38.88400515
17110	-39.42690123
17120	-39.78543155
17130	-38.28176719
17140	-37.82274522
17150	-37.84402558
17160	-38.56653192
17170	-39.48993024
17180	-39.2889931
17190	-38.66796325
17200	-37.55442725
17210	-38.28134758
17220	-39.31576968
17230	-39.65843369
17240	-39.43319407
17250	-37.7899795
17260	-38.44113078
17270	-39.5096537
17280	-39.39019169
17290	-39.00794264
17300	-37.43122524
17310	-37.95327807
17320	-39.0799991
17330	-38.47545726
17340	-38.27660837
17350	-39.80192489
17360	-38.98967127
17370	-37.58008058
17380	-38.91476342
17390	-39.56777445
17400	-39.54317756
17410	-39.44758777
17420	-39.16428646
17430	-39.46397207
17440	-40.25737189
17450	-40.274133
17460	-40.20543511
17470	-40.15939468
17480	-40.1227212
17490	-39.5038371
17500	-37.99362428
17510	-37.78443606
17520	-37.78015036
17530	-37.90349005
17540	-38.30525566
17550	-39.36093721
17560	-39.56938023
17570	-39.16451443
17580	-39.68665721
17590	-40.43205425
17600	-40.00501163
17610	-39.06109955
17620	-38.27528679
17630	-37.98570357
17640	-39.14090676
17650	-40.00860697
17660	-39.42058946
17670	-38.90231492
17680	-38.64501121
17690	-38.3720189
17700	-38.13257196
17710	-38.12875304
17720	-38.1671216
17730	-38.34658438
17740	-38.91134948
17750	-39.96165586
17760	-39.04519695
17770	-38.08232253
17780	-38.83628674
17790	-39.40365089
17800	-39.55229213
17810	-39.33328498
17820	-38.51595068
17830	-38.84584691
17840	-40.16217576
17850	-39.68064731
17860	-38.7124317
17870	-38.44476807
17880	-38.34087693
17890	-38.76045776
17900	-38.90382478
17910	-38.49735933
17920	-38.42405241
17930	-38.63372235
17940	-39.01639601
17950	-39.51688622
17960	-39.95275111
17970	-40.25138214
17980	-40.35123163
17990	-40.38970669
18000	-40.2042121
18010	-39.96721791
18020	-40.08377003
18030	-40.39201547
18040	-40.26132845
18050	-39.70246631
18060	-39.5099713
18070	-39.78174423
18080	-39.91832253
18090	-38.20318402
18100	-37.37426028
18110	-38.4743049
18120	-39.03695681
18130	-38.81076103
18140	-38.8495528
18150	-39.13068744
18160	-38.74919286
18170	-38.2178734
18180	-39.19900023
18190	-39.94344775
18200	-40.06766363
18210	-39.95672504
18220	-37.76342718
18230	-37.60806249
18240	-39.08771769
18250	-39.30044662
18260	-38.97237595
18270	-38.80472488
18280	-38.73004883
18290	-39.16208651
18300	-39.5886764
18310	-38.61382273
18320	-38.2623132
18330	-39.6313836
18340	-40.19427437
18350	-39.96494636
18360	-39.52955267
18370	-38.68624109
18380	-38.651814
18390	-39.27794359
18400	-39.36070624
18410	-38.88288274
18420	-38.90497801
18430	-39.31315778
18440	-39.01569119
18450	-37.92276491
18460	-38.30366585
18470	-38.91999819
18480	-38.44239619
18490	-38.21649403
18500	-40.10941702
18510	-40.63111325
18520	-39.999013
18530	-39.75136716
18540	-39.89016863
18550	-39.87462088
18560	-39.07641552
18570	-38.77993484
18580	-39.40289755
18590	-39.89800207
18600	-39.76277161
18610	-39.46743415
18620	-38.90621244
18630	-38.52000044
18640	-39.13638292
18650	-39.81537854
18660	-39.77357444
18670	-39.65946142
18680	-39.3403097
18690	-39.09043329
18700	-39.19356575
18710	-39.4490191
18720	-40.12102523
18730	-40.97491323
18740	-40.77718697
18750	-39.89380741
18760	-39.65320075
18770	-40.93662909
18780	-41.71467297
18790	-40.74728752
18800	-39.42374406
18810	-39.28244671
18820	-40.21134123
18830	-40.66063949
18840	-40.36860374
18850	-39.93086413
18860	-39.58150664
18870	-39.2519209
18880	-39.2097704
18890	-39.73169507
18900	-39.93255648
18910	-39.58292852
18920	-39.31053341
18930	-39.59424227
18940	-40.10254734
18950	-40.61367912
18960	-41.08822724
18970	-41.19596984
18980	-41.15000525
18990	-41.06482463
19000	-40.69692766
19010	-40.18351468
19020	-40.09712711
19030	-40.1458104
19040	-40.22586075
19050	-40.37848854
19060	-40.66039249
19070	-40.76576608
19080	-40.65438215
19090	-40.43339057
19100	-39.9106954
19110	-38.93461466
19120	-38.66653493
19130	-39.7274173
19140	-40.39870921
19150	-40.2968231
19160	-40.16216801
19170	-40.14661087
19180	-40.17314335
19190	-40.00473002
19200	-39.0388047
19210	-38.79641742
19220	-39.61380825
19230	-40.44498886
19240	-40.70335418
19250	-40.8457585
19260	-40.7697516
19270	-40.41832598
19280	-40.1904292
19290	-40.47165308
19300	-40.90940457
19310	-40.89410722
19320	-40.55972189
19330	-40.23996068
19340	-40.04411576
19350	-39.88936339
19360	-39.88801406
19370	-40.34806277
19380	-40.78756494
19390	-40.89780357
19400	-40.96323794
19410	-41.04761204
19420	-41.24414707
19430	-41.45811665
19440	-41.43295049
19450	-41.00167156
19460	-40.55554643
19470	-40.50156201
19480	-40.71363023
19490	-40.97151732
19500	-41.14895636
19510	-41.31295141
19520	-41.39877832
19530	-40.99829207
19540	-40.08380213
19550	-39.53221827
19560	-39.90023629
19570	-40.54709386
19580	-40.66744717
19590	-40.41260349
19600	-40.0753009
19610	-39.7381834
19620	-39.38265387
19630	-39.33560113
19640	-39.96319682
19650	-40.27179358
19660	-39.05644548
19670	-37.83899306
19680	-38.78935952
19690	-40.57714368
19700	-40.70692269
19710	-40.61133129
19720	-40.35549784
19730	-39.68424712
19740	-39.32368166
19750	-39.99867202
19760	-40.71780452
19770	-40.58034116
19780	-40.25743044
19790	-40.11124214
19800	-40.18547851
19810	-40.29975377
19820	-40.4124407
19830	-40.52221811
19840	-40.46670663
19850	-39.66222696
19860	-38.95480682
19870	-39.22984528
19880	-40.00931721
19890	-40.68964459
19900	-41.42202101
19910	-41.9206274
19920	-41.76978697
19930	-41.06551806
19940	-40.7538825
19950	-40.86941529
19960	-41.03692011
19970	-41.10983236
19980	-41.09332247
19990	-41.05323422
20000	-40.97878983
20010	-40.61593145
20020	-40.2060604
20030	-40.17590734
20040	-40.56903829
20050	-40.99724797
20060	-41.08115396
20070	-40.92555635
20080	-40.786891
20090	-40.86515893
20100	-41.11030596
20110	-41.29838292
20120	-41.28952958
20130	-41.20601803
20140	-41.07764237
20150	-40.74864936
20160	-40.18681823
20170	-39.94787582
20180	-40.40918846
20190	-41.1486356
20200	-41.55900296
20210	-41.41463208
20220	-41.13304891
20230	-41.0004545
20240	-41.04708548
20250	-41.11730974
20260	-41.11577527
20270	-40.75792412
20280	-40.29775609
20290	-40.15212778
20300	-40.39752903
20310	-40.71978392
20320	-40.86257476
20330	-40.92926205
20340	-40.99938287
20350	-41.17022494
20360	-41.80058913
20370	-42.43406476
20380	-42.42368476
20390	-41.76592746
20400	-41.05643954
20410	-40.87027816
20420	-40.9981498
20430	-41.17113534
20440	-41.25996858
20450	-41.14047425
20460	-40.91292499
20470	-40.79000011
20480	-40.91132081
20490	-41.19422159
20500	-41.51787316
20510	-41.78471851
20520	-42.07752779
20530	-42.308574
20540	-42.34556897
20550	-42.19910273
20560	-41.99013255
20570	-41.83812315
20580	-41.83667142
20590	-41.91601803
20600	-42.00471814
20610	-42.03434316
20620	-41.65144437
20630	-40.97657009
20640	-40.4450203
20650	-40.20845577
20660	-40.01674806
20670	-39.90429853
20680	-40.02949531
20690	-40.74269845
20700	-41.39134334
20710	-41.45386256
20720	-41.42139323
20730	-41.36522958
20740	-41.17139673
20750	-40.6408831
20760	-40.22674052
20770	-40.40443446
20780	-41.0498176
20790	-41.55574232
20800	-41.65797039
20810	-41.70860635
20820	-41.75816914
20830	-41.85875843
20840	-42.15210082
20850	-42.48433826
20860	-42.60393088
20870	-42.33799519
20880	-41.87449993
20890	-41.48509799
20900	-41.4
20910	-41.4
20920	-41.4
20930	-41.4
20940	-41.29782841
20950	-41.03232728
20960	-40.73387588
20970	-40.45996711
20980	-40.1423125
20990	-39.91453124
21000	-39.89080405
21010	-39.96266504
21020	-40.07331872
21030	-40.27303929
21040	-40.57242668
21050	-40.84400089
21060	-41.10742366
21070	-41.33353633
21080	-41.37596927
21090	-40.95763269
21100	-40.52968261
21110	-40.55932367
21120	-40.78705961
21130	-41.09527763
21140	-41.40644963
21150	-41.84737866
21160	-42.24477257
21170	-42.30892143
21180	-41.77619026
21190	-41.04501608
21200	-40.65122451
21210	-40.66001684
21220	-40.68584904
21230	-40.71730624
21240	-40.74882489
21250	-40.78842353
21260	-40.84516389
21270	-40.99838086
21280	-41.29557553
21290	-41.54496454
21300	-41.53428408
21310	-41.17603465
21320	-40.80550856
21330	-40.67380927
21340	-40.59764462
21350	-40.53446078
21360	-40.45794601
21370	-40.3718364
21380	-40.31529788
21390	-40.38501343
21400	-40.65635636
21410	-40.81999596
21420	-40.69334809
21430	-40.46112626
21440	-40.34
21450	-40.34
21460	-40.34
21470	-40.32835686
21480	-40.27586417
21490	-40.22698502
21500	-40.39633137
21510	-41.21935843
21520	-41.88756267
21530	-41.81707814
21540	-41.52551044
21550	-41.31690008
21560	-41.47074547
21570	-41.93880137
21580	-42.41637137
21590	-42.59701341
21600	-42.39602542
21610	-42.02317704
21620	-41.68032288
21630	-41.44768134
21640	-41.22125389
21650	-41.05367278
21660	-41.00182712
21670	-41.08882174
21680	-41.23920803
21690	-41.35988616
21700	-41.33446096
21710	-41.06167772
21720	-40.77885917
21730	-40.7204198
21740	-40.72430047
21750	-40.73172646
21760	-40.74279545
21770	-40.78089417
21780	-40.84111952
21790	-40.90636453
21800	-41.00000044
21810	-41.0877681
21820	-41.11390622
21830	-40.78566819
21840	-40.32554442
21850	-40.21563363
21860	-40.3835579
21870	-40.62326799
21880	-40.80952518
21890	-40.96012121
21900	-41.12693355
21910	-41.36061768
21920	-41.90232526
21930	-42.54089638
21940	-42.81875142
21950	-42.57310664
21960	-42.06095922
21970	-41.5131883
21980	-41.09117781
21990	-40.68583614
22000	-40.31147075
22010	-39.99202034
22020	-39.6670515
22030	-39.43484453
22040	-39.48972061
22050	-40.00971393
22060	-40.59567791
22070	-40.8254457
22080	-40.88614906
22090	-40.9450858
22100	-41.08730394
22110	-41.29685596
22120	-41.43371661
22130	-41.25469557
22140	-40.73653511
22150	-40.3941756
22160	-40.40419288
22170	-40.43467962
22180	-40.44931442
22190	-40.29646062
22200	-39.97778574
22210	-39.63703739
22220	-39.24364102
22230	-38.84198845
22240	-38.44909003
22250	-38.12958834
22260	-38.25424064
22270	-38.9274377
22280	-39.38890765
22290	-39.62895627
22300	-39.98653343
22310	-40.67236064
22320	-41.17608968
22330	-41.09654464
22340	-40.84537642
22350	-40.79737603
22360	-41.0762483
22370	-41.42226102
22380	-41.54879716
22390	-41.51199923
22400	-41.45723001
22410	-41.43010347
22420	-41.57948904
22430	-41.86805756
22440	-42.08212522
22450	-42.01464535
22460	-41.67874963
22470	-41.29537593
22480	-41.09174601
22490	-41.19967611
22500	-41.45112252
22510	-41.64375726
22520	-41.60130938
22530	-41.35823662
22540	-41.04451239
22550	-40.78937749
22560	-40.62141033
22570	-40.46807909
22580	-40.27540753
22590	-39.97968143
22600	-39.5843429
22610	-39.12948951
22620	-38.53470211
22630	-38.06063231
22640	-37.8190453
22650	-37.6914919
22660	-37.72287949
22670	-37.8252889
22680	-38.59926514
22690	-39.55004732
22700	-39.71107396
22710	-39.75197251
22720	-39.21616202
22730	-38.63361643
22740	-39.2955463
22750	-40.83883259
22760	-41.36298576
22770	-41.54104926
22780	-41.63173242
22790	-41.63162202
22800	-41.58631131
22810	-41.51181921
22820	-41.3420628
22830	-40.95269004
22840	-40.64036316
22850	-40.72103871
22860	-41.19308584
22870	-41.75889234
22880	-42.11125188
22890	-42.06025264
22900	-41.83775515
22910	-41.6315504
22920	-41.60263426
22930	-41.7002729
22940	-41.83205436
22950	-41.92225715
22960	-41.84854332
22970	-41.52451611
22980	-41.16955234
22990	-41.02147149
23000	-41.25184438
23010	-41.72467744
23020	-42.22348249
23030	-42.54554986
23040	-42.79046804
23050	-43.01292649
23060	-43.1817752
23070	-43.26586421
23080	-43.25812483
23090	-43.20842057
23100	-43.12762213
23110	-43.02404166
23120	-42.81820163
23130	-42.35557741
23140	-41.81198835
23150	-41.38182774
23160	-41.25435268
23170	-41.38321981
23180	-41.61720938
23190	-41.85625244
23200	-42.00028001
23210	-41.99101925
23220	-41.91877269
23230	-41.83238549
23240	-41.7751409
23250	-41.89440327
23260	-42.45380834
23270	-43.22093024
23280	-43.92591924
23290	-44.29892562
23300	-44.20476068
23310	-43.8622738
23320	-43.41380354
23330	-42.99695932
23340	-42.73063986
23350	-42.50696926
23360	-42.30390003
23370	-42.15195047
23380	-42.08163888
23390	-42.09296178
23400	-42.13388005
23410	-42.18726996
23420	-42.23703906
23430	-42.26709494
23440	-42.26378022
23450	-42.23473899
23460	-42.19691128
23470	-42.16710848
23480	-42.16074484
23490	-42.17131675
23500	-42.19323572
23510	-42.22501127
23520	-42.26515294
23530	-42.34383498
23540	-42.53298727
23550	-42.7787044
23560	-43.0182573
23570	-43.19799515
23580	-43.37140496
23590	-43.54112687
23600	-43.68274105
23610	-43.77182767
23620	-43.74568273
23630	-43.24190609
23640	-42.42689045
23650	-41.61666261
23660	-41.12724939
23670	-41.13473823
23680	-41.31965318
23690	-41.55882368
23700	-41.75423161
23710	-41.84048656
23720	-41.90484477
23730	-41.95760598
23740	-41.99412203
23750	-42.00974471
23760	-42.00940046
23770	-42.0072382
23780	-42.00357221
23790	-41.98952837
23800	-41.82833293
23810	-41.56453333
23820	-41.31737986
23830	-41.1955319
23840	-41.13532689
23850	-41.09008837
23860	-41.04932298
23870	-41.00685568
23880	-40.96726115
23890	-40.93087645
23900	-40.89681656
23910	-40.85908346
23920	-40.82625636
23930	-40.81022966
23940	-40.90504413
23950	-41.13799506
23960	-41.32685183
23970	-41.39544313
23980	-41.44865858
23990	-41.48212125
24000	-41.48993626
24010	-41.48863775
24020	-41.485615
24030	-41.48080096
24040	-41.10215054
24050	-40.22990168
24060	-39.71125406
24070	-39.88897355
24080	-40.31997229
24090	-40.78360656
24100	-41.08927769
24110	-41.34718366
24120	-41.52380671
24130	-41.43165691
24140	-40.74344259
24150	-39.97732118
24160	-39.77925355
24170	-40.73230627
24180	-42.11255589
24190	-42.87653173
24200	-42.7694657
24210	-42.48984594
24220	-42.17278099
24230	-41.94233486
24240	-41.78187023
24250	-41.63301402
24260	-41.45248308
24270	-41.14929626
24280	-40.60538023
24290	-40.12811353
24300	-40.02442549
24310	-40.07466763
24320	-40.17200236
24330	-40.30528191
24340	-40.68352731
24350	-41.43449152
24360	-42.08668812
24370	-42.21251165
24380	-42.05990693
24390	-41.87578423
24400	-41.81040778
24410	-41.82189252
24420	-41.84102598
24430	-41.85677025
24440	-41.81424407
24450	-41.44197504
24460	-40.98376929
24470	-40.78880247
24480	-40.78017871
24490	-40.77421316
24500	-40.77085154
24510	-40.77390715
24520	-40.90388296
24530	-41.09983022
24540	-41.19997156
24550	-40.66252704
24560	-39.72252281
24570	-39.34128422
24580	-39.39268389
24590	-39.50010602
24600	-39.6430843
24610	-39.95025383
24620	-40.31253626
24630	-40.54148906
24640	-40.70617486
24650	-40.86439525
24660	-41.05945416
24670	-41.28333022
24680	-41.48435443
24690	-41.62488794
24700	-41.7482455
24710	-41.82862233
24720	-41.781149
24730	-41.43071144
24740	-40.98734405
24750	-40.71208567
24760	-40.8336013
24770	-41.24098866
24780	-41.62716154
24790	-41.72771428
24800	-41.74333017
24810	-41.75386573
24820	-41.75925401
24830	-41.73023967
24840	-41.52802895
24850	-41.27999558
24860	-41.16000916
24870	-41.3323898
24880	-41.68367026
24890	-41.97337763
24900	-41.92324248
24910	-41.3294189
24920	-40.57165398
24930	-40.09375209
24940	-40.18070033
24950	-40.55118451
24960	-40.96883358
24970	-41.27509099
24980	-41.58715388
24990	-41.84471415
25000	-41.95957234
25010	-41.75185433
25020	-41.27222438
25030	-40.83773674
25040	-40.78556239
25050	-41.3962998
25060	-42.20972772
25070	-42.62969761
25080	-42.5722392
25090	-42.43462033
25100	-42.28095226
25110	-42.17508701
25120	-42.1852811
25130	-42.3338577
25140	-42.52448323
25150	-42.65063728
25160	-42.6501707
25170	-42.60957585
25180	-42.55418177
25190	-42.50226024
25200	-42.47208303
25210	-42.53611723
25220	-42.80210486
25230	-43.15004872
25240	-43.44676245
25250	-43.55796611
25260	-43.22874904
25270	-42.54851969
25280	-41.82247959
25290	-41.35583026
25300	-41.36318523
25310	-41.6191055
25320	-41.98038028
25330	-42.32713188
25340	-42.53948261
25350	-42.51121727
25360	-42.27575283
25370	-41.94374375
25380	-41.62627497
25390	-41.381928
25400	-41.12088783
25410	-40.89121228
25420	-40.75469605
25430	-40.81660368
25440	-41.19518471
25450	-41.67014372
25460	-41.99069231
25470	-41.93946338
25480	-41.61311021
25490	-41.27086837
25500	-41.16093478
25510	-41.18345516
25520	-41.22794605
25530	-41.28359064
25540	-41.34496489
25550	-41.44701049
25560	-41.55147644
25570	-41.59999482
25580	-41.54243671
25590	-41.39883913
25600	-41.21660951
25610	-41.04029077
25620	-40.80747499
25630	-40.56398552
25640	-40.4324901
25650	-40.62943097
25660	-41.1418766
25670	-41.58547195
25680	-41.65162317
25690	-41.58941645
25700	-41.47892468
25710	-41.33493203
25720	-40.97535017
25730	-40.40012507
25740	-40.06305215
25750	-40.144927
25760	-40.3523726
25770	-40.54730274
25780	-40.62836817
25790	-40.66750962
25800	-40.70699925
25810	-40.78913012
25820	-41.12570056
25830	-41.52534603
25840	-41.63932326
25850	-41.45306887
25860	-41.13482606
25870	-40.8155108
25880	-40.50840274
25890	-40.18293831
25900	-40.02053764
25910	-40.1012132
25920	-40.32233551
25930	-40.6174742
25940	-40.9611804
25950	-41.5561163
25960	-42.1551462
25970	-42.40979285
25980	-42.33389641
25990	-42.16537391
26000	-41.96868932
26010	-41.77605022
26020	-41.54238867
26030	-41.30656356
26040	-41.11438045
26050	-40.96987671
26060	-40.83533195
26070	-40.74243402
26080	-40.74213649
26090	-41.06946554
26100	-41.58176156
26110	-42.01147993
26120	-42.10452309
26130	-41.90744427
26140	-41.61575359
26150	-41.39847626
26160	-41.37847886
26170	-41.4208267
26180	-41.4662716
26190	-41.45786471
26200	-41.09363283
26210	-40.53868958
26220	-40.12846961
26230	-40.09853128
26240	-40.20395738
26250	-40.37972233
26260	-40.62659473
26270	-41.34033858
26280	-42.2325055
26290	-42.74130821
26300	-42.54159317
26310	-41.98270815
26320	-41.40833167
26330	-41.15583836
26340	-41.12168172
26350	-41.09917637
26360	-41.09010202
26370	-41.11089899
26380	-41.16994101
26390	-41.24236062
26400	-41.30298162
26410	-41.34556454
26420	-41.38659157
26430	-41.41455379
26440	-41.414075
26450	-41.35468649
26460	-41.25041351
26470	-41.12475089
26480	-40.93418505
26490	-40.63467499
26500	-40.36906937
26510	-40.30042927
26520	-41.00135544
26530	-42.09668569
26540	-42.75888313
26550	-42.39215053
26560	-41.40029182
26570	-40.42591659
26580	-40.09248178
26590	-40.18179186
26600	-40.36409776
26610	-40.59120966
26620	-40.97111693
26630	-41.55029306
26640	-42.02422091
26650	-42.12620206
26660	-42.08157513
26670	-41.99329001
26680	-41.86958535
26690	-41.63861308
26700	-41.03602477
26710	-40.43123684
26720	-40.18823474
26730	-40.0480607
26740	-39.95091624
26750	-39.91041311
26760	-40.01986829
26770	-40.26396843
26780	-40.40952011
26790	-40.36301126
26800	-40.26339426
26810	-40.19329217
26820	-40.40927242
26830	-41.09038512
26840	-41.76266098
26850	-42.01372371
26860	-42.13260446
26870	-42.20524353
26880	-42.17539377
26890	-41.67890276
26900	-40.96647101
26910	-40.4603939
26920	-40.48427896
26930	-40.82029131
26940	-41.25009278
26950	-41.57539843
26960	-41.76018376
26970	-41.92644164
26980	-42.04603758
26990	-42.08997163
27000	-42.06587533
27010	-42.00043435
27020	-41.89903236
27030	-41.76330332
27040	-41.18038678
27050	-40.30904469
27060	-39.78066933
27070	-39.92203589
27080	-40.33573445
27090	-40.75744338
27100	-40.92684097
27110	-40.47897397
27120	-39.64007904
27130	-38.83063895
27140	-37.8537137
27150	-37.27708617
27160	-37.75219247
27170	-38.66383373
27180	-38.84904706
27190	-38.62538779
27200	-38.32936664
27210	-37.9201236
27220	-37.80199138
27230	-37.82817002
27240	-37.95680957
27250	-38.64888648
27260	-38.85231546
27270	-38.54452985
27280	-38.38063892
27290	-38.4000486
27300	-38.36770037
27310	-37.76795938
27320	-37.31086944
27330	-37.20375494
27340	-37.02485385
27350	-36.67322748
27360	-36.66430624
27370	-36.98415439
27380	-38.04036629
27390	-39.74062792
27400	-40.32034552
27410	-40.6816581
27420	-40.89058304
27430	-41.02500481
27440	-41.14058225
27450	-41.27440613
27460	-41.39369706
27470	-41.44970853
27480	-41.17424666
27490	-40.56673126
27500	-40.11931818
27510	-40.26368865
27520	-40.85292273
27530	-41.42600542
27540	-41.5625046
27550	-41.47839803
27560	-41.35289345
27570	-41.2517072
27580	-41.27364997
27590	-41.66494398
27600	-42.16358071
27610	-42.39988818
27620	-42.28429951
27630	-42.03692243
27640	-41.78399709
27650	-41.65176365
27660	-41.78604648
27670	-42.16056402
27680	-42.59312454
27690	-42.90048264
27700	-42.83904885
27710	-42.10593317
27720	-41.14478671
27730	-40.50035572
27740	-40.53984931
27750	-40.90836242
27760	-41.38542064
27770	-41.77752167
27780	-41.89769976
27790	-41.83114357
27800	-41.71765908
27810	-41.6183787
27820	-41.59059817
27830	-41.60098413
27840	-41.61689876
27850	-41.62864264
27860	-41.55878926
27870	-41.21542885
27880	-40.79150355
27890	-40.51812318
27900	-40.52756407
27910	-40.6373121
27920	-40.78735704
27930	-40.93483226
27940	-41.10501248
27950	-41.29510087
27960	-41.48221892
27970	-41.64755069
27980	-41.82499161
27990	-41.98391266
28000	-42.06761098
28010	-42.07756311
28020	-42.08405771
28030	-42.08819042
28040	-42.08993791
28050	-42.08424137
28060	-42.06100229
28070	-42.02223381
28080	-41.9704042
28090	-41.871725
28100	-41.57458213
28110	-41.21991977
28120	-40.99451981
28130	-41.01589167
28140	-41.15159719
28150	-41.3209798
28160	-41.45106639
28170	-41.47979454
28180	-41.47708474
28190	-41.47114381
28200	-41.46186326
28210	-40.92319988
28220	-39.57523501
28230	-38.60976161
28240	-38.54268797
28250	-38.52009629
28260	-38.51036632
28270	-38.80970687
28280	-39.5577055
28290	-39.71751208
28300	-38.6161004
28310	-37.63798087
28320	-37.64958177
28330	-37.76218322
28340	-38.04366866
28350	-38.35008008
28360	-38.21886652
28370	-37.87588558
28380	-38.1107055
28390	-38.84908874
28400	-38.4512466
28410	-37.53958111
28420	-37.40924989
28430	-37.40051077
28440	-37.60305815
28450	-38.10381774
28460	-38.26642493
28470	-38.35131921
28480	-38.25206623
28490	-37.89144853
28500	-37.65304631
28510	-37.48341608
28520	-37.65480353
28530	-38.31281939
28540	-39.14265811
28550	-40.21255218
28560	-40.93134118
28570	-41.46433133
28580	-41.79539282
28590	-41.79310828
28600	-41.63838774
28610	-41.50924987
28620	-41.5388315
28630	-41.68214025
28640	-41.84981604
28650	-41.95409716
28660	-41.87497399
28670	-41.5710921
28680	-41.20617332
28690	-40.95123298
28700	-40.81312458
28710	-40.69449682
28720	-40.6174175
28730	-40.62521953
28740	-40.96475479
28750	-41.48483018
28760	-41.90799045
28770	-41.97916953
28780	-41.77773525
28790	-41.47878687
28800	-41.22727533
28810	-41.13048082
28820	-41.08764559
28830	-41.04764256
28840	-40.97010318
28850	-40.64773705
28860	-40.18861604
28870	-39.87413309
28880	-40.06918042
28890	-40.9199168
28900	-41.91388052
28910	-42.50720469
28920	-42.45231343
28930	-42.19799548
28940	-41.88724194
28950	-41.64676753
28960	-41.48723485
28970	-41.33925017
28980	-41.23666406
28990	-41.22989389
29000	-41.60799264
29010	-42.23309051
29020	-42.79757293
29030	-42.99571298
29040	-42.75346057
29050	-42.28734956
29060	-41.80406318
29070	-41.51028463
29080	-41.49050435
29090	-41.49298869
29100	-41.49753394
29110	-41.50412426
29120	-41.52432391
29130	-41.70715064
29140	-41.98611561
29150	-42.21588069
29160	-42.2353378
29170	-41.83871065
29180	-41.20999962
29190	-40.61575332
29200	-40.32252038
29210	-40.66199714
29220	-41.53251292
29230	-42.44231374
29240	-42.89786899
29250	-42.80618144
29260	-42.57213252
29270	-42.31688063
29280	-42.16001384
29290	-42.16762523
29300	-42.24056242
29310	-42.34870264
29320	-42.46872163
29330	-42.57729514
29340	-42.68771453
29350	-42.81638461
29360	-42.93811348
29370	-43.02767729
29380	-43.05910687
29390	-42.82318326
29400	-42.31753325
29410	-41.7567107
29420	-41.3552695
29430	-41.29518995
29440	-41.43277665
29450	-41.671034
29460	-41.95766839
29470	-42.24038622
29480	-42.50159272
29490	-42.82550028
29500	-43.16416025
29510	-43.45426882
29520	-43.63252221
29530	-43.59965347
29540	-43.15884426
29550	-42.48688235
29560	-41.81927738
29570	-41.39153895
29580	-41.39802228
29590	-41.70952826
29600	-42.12852434
29610	-42.46862228
29620	-42.54359922
29630	-42.26865552
29640	-41.78772699
29650	-41.27462582
29660	-40.90316421
29670	-40.84087629
29680	-41.07961681
29690	-41.44425922
29700	-41.75681258
29710	-41.84635044
29720	-41.76809272
29730	-41.63838576
29740	-41.52452745
29750	-41.49304097
29760	-41.5663727
29770	-41.71256304
29780	-41.89813254
29790	-42.08960179
29800	-42.32359249
29810	-42.64176284
29820	-42.95872948
29830	-43.18787546
29840	-43.24544014
29850	-43.14575267
29860	-42.95470419
29870	-42.72425189
29880	-42.50635292
29890	-42.32664356
29900	-42.13182443
29910	-41.94439712
29920	-41.79515512
29930	-41.71419565
29940	-41.67016238
29950	-41.63302424
29960	-41.60448357
29970	-41.5862427
29980	-41.58004945
29990	-41.65487807
30000	-41.81622024
30010	-41.98164677
30020	-42.06872849
30030	-41.99624557
30040	-41.79080863
30050	-41.55202999
30060	-41.37995975
30070	-41.38319999
30080	-41.63377115
30090	-42.00353493
30100	-42.33981729
30110	-42.4899442
30120	-42.4558089
30130	-42.3648816
30140	-42.23886356
30150	-42.09941306
30160	-41.9479263
30170	-41.75060384
30180	-41.52714871
30190	-41.30055561
30200	-41.06514465
30210	-40.78924317
30220	-40.53664468
30230	-40.37600541
30240	-40.31943064
30250	-40.27751776
30260	-40.24989184
30270	-40.24000269
30280	-40.30215764
30290	-40.42285881
30300	-40.50619953
30310	-40.37759619
30320	-39.99776665
30330	-39.70746246
30340	-39.85646983
30350	-40.44827463
30360	-41.15769082
30370	-41.65689812
30380	-42.01190429
30390	-42.310008
30400	-42.45684695
30410	-42.2624794
30420	-41.71022616
30430	-41.13844607
30440	-40.89022983
30450	-41.00447643
30460	-41.25861669
30470	-41.55143032
30480	-41.78169704
30490	-41.9267478
30500	-42.06015704
30510	-42.17146943
30520	-42.24903622
30530	-42.28848951
30540	-42.31860618
30550	-42.34195612
30560	-42.35636537
30570	-42.35958975
30580	-42.34895169
30590	-42.32615856
30600	-42.29422695
30610	-42.25617347
30620	-42.20954738
30630	-42.13581218
30640	-42.03731374
30650	-41.9188322
30660	-41.78514771
30670	-41.56953178
30680	-41.26037478
30690	-40.96531122
30700	-40.79210325
30710	-40.87733873
30720	-41.26214587
30730	-41.74366875
30740	-42.10808231
30750	-42.19746343
30760	-42.22770345
30770	-42.25017933
30780	-42.26441746
30790	-42.26994422
30800	-42.16331209
30810	-41.86979688
30820	-41.52347531
30830	-41.25514802
30840	-41.01297439
30850	-40.77594152
30860	-40.59474106
30870	-40.52006469
30880	-40.7643117
30890	-41.34750731
30900	-41.99391619
30910	-42.42761832
30920	-42.43839561
30930	-42.22157387
30940	-41.94018063
30950	-41.7327219
30960	-41.73188116
30970	-41.9373384
30980	-42.21629336
30990	-42.4302279
31000	-42.4363509
31010	-42.16840715
31020	-41.76838573
31030	-41.40085916
31040	-41.23039994
31050	-41.26192179
31060	-41.3473729
31070	-41.46026229
31080	-41.5744128
31090	-41.66831487
31100	-41.76038108
31110	-41.85202028
31120	-41.93755597
31130	-42.01134178
31140	-42.07185473
31150	-42.12499615
31160	-42.17734026
31170	-42.23546129
31180	-42.31287426
31190	-42.41492068
31200	-42.51701332
31210	-42.59371071
31220	-42.61968289
31230	-42.59072761
31240	-42.53027289
31250	-42.46033015
31260	-42.4029108
31270	-42.38005833
31280	-42.43662946
31290	-42.56281141
31300	-42.70471958
31310	-42.80846937
31320	-42.8126619
31330	-42.63589113
31340	-42.3426194
31350	-42.02559241
31360	-41.77755585
31370	-41.68950284
31380	-41.68580809
31390	-41.68298539
31400	-41.68107383
31410	-41.68011248
31420	-41.69264991
31430	-41.76890313
31440	-41.87552854
31450	-41.96733951
31460	-41.99582325
31470	-41.73231334
31480	-41.22493663
31490	-40.70701383
31500	-40.41186564
31510	-40.56234124
31520	-41.09171167
31530	-41.71227038
31540	-42.13291351
31550	-42.12006465
31560	-41.82866204
31570	-41.46316537
31580	-41.2143175
31590	-41.22196126
31600	-41.36210406
31610	-41.52873207
31620	-41.62691623
31630	-41.528165
31640	-41.21730958
31650	-40.86295646
31660	-40.6370673
31670	-40.62300145
31680	-40.63424203
31690	-40.64598331
31700	-40.64996916
31710	-40.64890719
31720	-40.64635708
31730	-40.64235272
31740	-40.60788454
31750	-40.44132765
31760	-40.24550072
31770	-40.15000976
31780	-40.28783146
31790	-40.56312338
31800	-40.75889851
31810	-40.75680476
31820	-40.70249476
31830	-40.61566668
31840	-40.4507322
31850	-40.0406877
31860	-39.56915399
31870	-39.22352954
31880	-38.90084578
31890	-38.67076383
31900	-38.66642579
31910	-38.90418971
31920	-39.10942818
31930	-39.11096161
31940	-39.07859977
31950	-39.02899974
31960	-38.91887361
31970	-38.79431195
31980	-38.7100004
31990	-38.64288433
32000	-38.59139052
32010	-38.54465313
32020	-38.52026446
32030	-38.639952
32040	-38.8732472
32050	-38.95251838
32060	-38.97331366
32070	-38.97708986
32080	-38.71789925
32090	-38.42459026
32100	-38.51088176
32110	-38.7628
32120	-38.85443904
32130	-38.74741736
32140	-38.61683348
32150	-38.55190132
32160	-38.50698646
32170	-38.50368317
32180	-38.52177437
32190	-38.51376712
32200	-38.15164238
32210	-37.78729142
32220	-38.05581674
32230	-38.84986493
32240	-39.52995754
32250	-40.18630005
32260	-40.75471018
32270	-41.19050364
32280	-41.58739532
32290	-41.81569262
32300	-41.69324084
32310	-41.22986921
32320	-40.80956677
32330	-40.74805519
32340	-40.80376164
32350	-40.89591718
32360	-41.00490199
32370	-41.17317724
32380	-41.43789637
32390	-41.70156363
32400	-41.86488454
32410	-41.84336883
32420	-41.67986684
32430	-41.47361785
32440	-41.32332193
32450	-41.31651157
32460	-41.42108971
32470	-41.56108098
32480	-41.66449284
32490	-41.67599648
32500	-41.64892239
32510	-41.60418951
32520	-41.55112599
32530	-41.49355795
32540	-41.40161563
32550	-41.29648558
32560	-41.21156594
32570	-41.18091647
32580	-41.33149127
32590	-41.64468522
32600	-41.9834289
32610	-42.21065291
32620	-42.23586321
32630	-42.21079252
32640	-42.17083792
32650	-42.12512914
32660	-42.08079949
32670	-42.0291299
32680	-41.97086159
32690	-41.90996444
32700	-41.85040833
32710	-41.7905978
32720	-41.71962539
32730	-41.65071386
32740	-41.59910882
32750	-41.58050827
32760	-41.78454539
32770	-42.23829891
32780	-42.76677487
32790	-43.19497927
32800	-43.34952899
32810	-43.29574533
32820	-43.17204301
32830	-43.00601073
32840	-42.82523722
32850	-42.65731117
32860	-42.51518974
32870	-42.37777617
32880	-42.23552904
32890	-42.07944446
32900	-41.90051849
32910	-41.64741371
32920	-41.28412896
32930	-40.91379734
32940	-40.64322057
32950	-40.57507037
32960	-40.68259049
32970	-40.88768156
32980	-41.13432893
32990	-41.3665179
33000	-41.57214835
33010	-41.81137783
33020	-42.03466056
33030	-42.18626807
33040	-42.19649519
33050	-41.9074584
33060	-41.45383478
33070	-41.04544945
33080	-40.89053173
33090	-40.9456244
33100	-41.04845844
33110	-41.13793663
33120	-41.1514728
33130	-41.04250564
33140	-40.84716144
33150	-40.61521926
33160	-40.39338802
33170	-40.10942288
33180	-39.80853171
33190	-39.6214472
33200	-39.58572331
33210	-39.56979499
33220	-39.54955257
33230	-39.47958451
33240	-39.33477718
33250	-39.22146437
33260	-39.24709062
33270	-39.39105704
33280	-39.51076146
33290	-39.44166761
33300	-39.16325885
33310	-38.88999285
33320	-38.63661944
33330	-38.43743017
33340	-38.48611899
33350	-38.85298851
33360	-39.17308195
33370	-39.15407721
33380	-39.01759439
33390	-38.98485982
33400	-39.17146332
33410	-39.3726967
33420	-39.35700981
33430	-39.14450352
33440	-38.88479272
33450	-38.63461257
33460	-38.35072048
33470	-38.00037619
33480	-37.55068768
33490	-37.38188228
33500	-37.44350958
33510	-37.56890565
33520	-37.86622902
33530	-38.41844342
33540	-39.03662858
33550	-39.80875518
33560	-40.50769552
33570	-41.11222579
33580	-41.62830636
33590	-41.79612842
33600	-41.65207335
33610	-41.40951388
33620	-41.21888434
33630	-41.2004376
33640	-41.26584659
33650	-41.36171069
33660	-41.45326992
33670	-41.53830976
33680	-41.63547317
33690	-41.72328058
33700	-41.77996261
33710	-41.77975461
33720	-41.68865433
33730	-41.53439747
33740	-41.35517414
33750	-41.18877884
33760	-40.99468084
33770	-40.77294546
33780	-40.59195334
33790	-40.52016171
33800	-40.66716332
33810	-40.97234904
33820	-41.26310418
33830	-41.36534702
33840	-41.10193793
33850	-40.62090454
33860	-40.18332812
33870	-40.04670127
33880	-40.25080132
33890	-40.62549723
33900	-41.01568601
33910	-41.27731497
33920	-41.48965787
33930	-41.67832878
33940	-41.80276294
33950	-41.82669282
33960	-41.78265765
33970	-41.70164995
33980	-41.60192429
33990	-41.48496913
34000	-41.28593866
34010	-41.05822727
34020	-40.875391
34030	-40.81080836
34040	-40.88727398
34050	-41.03309733
34060	-41.16973058
34070	-41.21975192
34080	-41.20450678
34090	-41.17538731
34100	-41.14609926
34110	-41.13034838
34120	-41.19663458
34130	-41.39059158
34140	-41.61319724
34150	-41.76309419
34160	-41.76596183
34170	-41.68999255
34180	-41.57258457
34190	-41.44175864
34200	-41.31014956
34210	-41.12645557
34220	-40.93703299
34230	-40.80517116
34240	-40.79937007
34250	-40.96945936
34260	-41.22200411
34270	-41.44273678
34280	-41.51621016
34290	-41.3211635
34300	-40.95659259
34310	-40.59804288
34320	-40.42105984
34330	-40.62056498
34340	-41.11439016
34350	-41.61892898
34360	-41.84999989
34370	-41.66487687
34380	-41.2608928
34390	-40.86419053
34400	-40.70064651
34410	-40.85336674
34420	-41.17599603
34430	-41.52584358
34440	-41.76021861
34450	-41.77127613
34460	-41.65682931
34470	-41.46791874
34480	-41.23899862
34490	-40.83681393
34500	-40.17962646
34510	-39.54975559
34520	-39.23338319
34530	-39.35396018
34540	-39.66100028
34550	-39.94546058
34560	-39.97742859
34570	-39.46821673
34580	-38.8301716
34590	-38.62152172
34600	-38.87108053
34610	-39.21664431
34620	-39.37116932
34630	-39.41453026
34640	-39.44786666
34650	-39.50767132
34660	-39.62907866
34670	-39.75029028
34680	-39.79956021
34690	-39.81389584
34700	-39.8272602
34710	-39.87757542
34720	-40.05265421
34730	-40.22880088
34740	-40.26117099
34750	-40.1731454
34760	-40.0323873
34770	-39.88970833
34780	-39.73141879
34790	-39.55711952
34800	-39.39946121
34810	-39.24982743
34820	-39.11250608
34830	-39.06094224
34840	-39.14874516
34850	-39.29282278
34860	-39.36998179
34870	-38.95866803
34880	-38.25530477
34890	-38.03515017
34900	-38.02455304
34910	-38.02011734
34920	-38.21930051
34930	-38.69432276
34940	-38.88664597
34950	-38.78877216
34960	-38.62280294
34970	-38.45775367
34980	-38.26472605
34990	-38.04255323
35000	-37.72964095
35010	-37.54109012
35020	-37.87059385
35030	-38.48152096
35040	-38.57479217
35050	-37.82635471
35060	-37.47228452
35070	-38.0066263
35080	-38.58944352
35090	-38.58219559
35100	-38.40851571
35110	-38.34814161
35120	-38.48915452
35130	-38.61725066
35140	-38.60322094
35150	-38.54768873
35160	-38.41111075
35170	-37.91954847
35180	-37.53494442
35190	-37.45338962
35200	-37.40676798
35210	-37.57286291
35220	-38.50405513
35230	-38.99381329
35240	-38.01704742
35250	-37.16019962
35260	-37.28364725
35270	-37.55444385
35280	-37.85308601
35290	-38.23194371
35300	-38.51113318
35310	-38.67514777
35320	-38.83518882
35330	-39.05417823
35340	-39.32152083
35350	-39.66324861
35360	-40.28683679
35370	-41.06267946
35380	-41.56088841
35390	-41.73005257
35400	-41.85699287
35410	-41.92886182
35420	-41.91345557
35430	-41.70815812
35440	-41.40325363
35450	-41.12388445
35460	-40.97650743
35470	-40.87196298
35480	-40.78395208
35490	-40.72309313
35500	-40.70000455
35510	-40.79780924
35520	-41.02333029
35530	-41.26502241
35540	-41.41132251
35550	-41.38586201
35560	-41.26225594
35570	-41.11575177
35580	-41.01881184
35590	-41.01403046
35600	-41.034213
35610	-41.06733918
35620	-41.10887546
35630	-41.15464988
35640	-41.23998603
35650	-41.35746119
35660	-41.45981209
35670	-41.49999403
35680	-41.49861823
35690	-41.49570349
35700	-41.49251706
35710	-41.49032617
35720	-41.49787858
35730	-41.55484598
35740	-41.6561137
35750	-41.78890138
35760	-41.94042863
35770	-42.12616372
35780	-42.47045657
35790	-42.89807985
35800	-43.30035368
35810	-43.56859817
35820	-43.58850305
35830	-43.28563133
35840	-42.78649392
35850	-42.24599006
35860	-41.81901899
35870	-41.64520089
35880	-41.58084624
35890	-41.53767436
35900	-41.50235039
35910	-41.46153947
35920	-41.40190675
35930	-41.28587198
35940	-41.11180399
35950	-40.92566666
35960	-40.77344743
35970	-40.70113378
35980	-40.72389258
35990	-40.79814486
36000	-40.90183346
36010	-41.01341885
36020	-41.1169048
36030	-41.25027262
36040	-41.39157591
36050	-41.49823336
36060	-41.52729806
36070	-41.44871657
36080	-41.30450999
36090	-41.15308442
36100	-41.05284595
36110	-41.09941127
36120	-41.42928775
36130	-41.87119023
36140	-42.22013061
36150	-42.28747713
36160	-42.14432115
36170	-41.90733957
36180	-41.65985515
36190	-41.48519067
36200	-41.45983725
36210	-41.55661457
36220	-41.71251649
36230	-41.87252546
36240	-41.98162396
36250	-41.99182606
36260	-41.92535745
36270	-41.81030414
36280	-41.66877161
36290	-41.52286538
36300	-41.34711237
36310	-41.10386641
36320	-40.86139722
36330	-40.69003046
36340	-40.66079033
36350	-40.80607613
36360	-41.04782071
36370	-41.29216974
36380	-41.44526891
36390	-41.44623855
36400	-41.37634785
36410	-41.26648735
36420	-41.13831433
36430	-41.0128759
36440	-40.87223335
36450	-40.71043019
36460	-40.54371492
36470	-40.38807384
36480	-40.24578776
36490	-40.10631042
36500	-39.95991695
36510	-39.7847851
36520	-39.54924038
36530	-39.32389831
36540	-39.19015914
36550	-39.28995325
36560	-39.68711357
36570	-40.0361655
36580	-39.94884359
36590	-39.34927494
36600	-38.738673
36610	-38.59031561
36620	-38.59425941
36630	-38.60257905
36640	-38.64351887
36650	-38.91952579
36660	-39.20571552
36670	-39.21798667
36680	-39.06235674
36690	-38.93583721
36700	-38.95819058
36710	-39.05974072
36720	-39.2042617
36730	-39.48778293
36740	-39.95663876
36750	-40.304532
36760	-40.33082504
36770	-40.29322544
36780	-40.25703748
36790	-40.26626657
36800	-40.37806167
36810	-40.50675917
36820	-40.53227031
36830	-40.13408316
36840	-39.50026919
36850	-39.0162489
36860	-38.96450967
36870	-39.0519136
36880	-39.18909772
36890	-39.37883478
36900	-39.76235496
36910	-40.16078192
36920	-40.33994886
36930	-40.21831077
36940	-39.96206432
36950	-39.71808698
36960	-39.55736277
36970	-39.40780744
36980	-39.31760338
36990	-39.33680253
37000	-39.43960952
37010	-39.53459406
37020	-39.50549562
37030	-39.25607337
37040	-38.98989293
37050	-38.93053833
37060	-39.04414981
37070	-39.18360814
37080	-39.20645675
37090	-38.77450128
37100	-38.26321356
37110	-38.22039514
37120	-38.50233698
37130	-38.75184387
37140	-38.79259643
37150	-38.81245202
37160	-38.81998044
37170	-38.64915764
37180	-38.32075485
37190	-38.19149597
37200	-38.65208165
37210	-39.19321413
37220	-38.99110449
37230	-38.04525507
37240	-37.33449809
37250	-37.64436988
37260	-38.43578698
37270	-38.76637947
37280	-38.81418632
37290	-38.83790928
37300	-38.82694488
37310	-38.77573242
37320	-38.74033449
37330	-38.75009351
37340	-38.77081073
37350	-38.77881429
37360	-38.7205473
37370	-38.64040662
37380	-38.6217127
37390	-38.63603209
37400	-38.64917214
37410	-38.57132522
37420	-38.33385106
37430	-38.1647051
37440	-38.23819131
37450	-38.40494789
37460	-38.42390975
37470	-38.21044954
37480	-38.00740616
37490	-37.99342535
37500	-38.00431737
37510	-38.00896725
37520	-37.89228046
37530	-37.74012066
37540	-37.92670234
37550	-38.72058966
37560	-39.12601551
37570	-38.8397151
37580	-38.39697774
37590	-38.14468404
37600	-37.95958407
37610	-37.86253962
37620	-37.92102755
37630	-38.06260715
37640	-38.12538271
37650	-38.13506206
37660	-38.14619053
37670	-38.27357325
37680	-38.53854129
37690	-38.63600719
37700	-38.55306204
37710	-38.45125163
37720	-38.50118837
37730	-38.93949597
37740	-39.24919433
37750	-38.8380219
37760	-38.0223203
37770	-37.58189887
37780	-37.50986059
37790	-37.47286998
37800	-37.58079404
37810	-37.94571638
37820	-38.08858364
37830	-37.83016108
37840	-37.52342413
37850	-37.43181905
37860	-37.38301927
37870	-37.39459102
37880	-37.8489749
37890	-38.24573003
37900	-38.0573872
37910	-37.71893597
37920	-37.69766958
37930	-37.87844667
37940	-38.00862135
37950	-37.92287235
37960	-37.75658812
37970	-37.67575688
37980	-37.62021578
37990	-37.60190272
38000	-37.78917232
38010	-38.03468034
38020	-38.03295444
38030	-37.88597634
38040	-37.82757014
38050	-38.01314838
38060	-38.19424833
38070	-37.95593032
38080	-37.40837227
38090	-37.23896489
38100	-37.48916064
38110	-37.71375963
38120	-37.53079494
38130	-37.14897729
38140	-37.15220223
38150	-37.57134382
38160	-37.74288562
38170	-37.37621253
38180	-36.96233772
38190	-36.85012717
38200	-36.79498964
38210	-36.89830419
38220	-37.26395497
38230	-37.35418644
38240	-36.76447358
38250	-36.36248218
38260	-37.10520551
38270	-37.93085365
38280	-37.82417679
38290	-37.59280323
38300	-37.81070336
38310	-38.87919236
38320	-39.78938447
38330	-40.16542607
38340	-40.45168037
38350	-40.57877334
38360	-40.49562642
38370	-40.3010897
38380	-40.15843002
38390	-40.17339212
38400	-40.2572041
38410	-40.35976958
38420	-40.4390092
38430	-40.51359862
38440	-40.58587841
38450	-40.63995734
38460	-40.65998064
38470	-40.6522834
38480	-40.63701503
38490	-40.62347495
38500	-40.63538021
38510	-40.8354119
38520	-41.15674355
38530	-41.45846796
38540	-41.59967794
38550	-41.55180795
38560	-41.42861792
38570	-41.27865234
38580	-41.15026215
38590	-41.0783267
38600	-41.0184626
38610	-40.96730389
38620	-40.93209111
38630	-40.92094182
38640	-41.13193016
38650	-41.57887502
38660	-42.06847241
38670	-42.40741833
38680	-42.40481441
38690	-42.02692294
38700	-41.45581448
38710	-40.88769822
38720	-40.51878331
38730	-40.53646604
38740	-40.93985108
38750	-41.54795578
38760	-42.17261869
38770	-42.62567836
38780	-42.73552841
38790	-42.66024811
38800	-42.5208291
38810	-42.35483366
38820	-42.19982408
38830	-42.09299876
38840	-42.01411319
38850	-41.93834338
38860	-41.87372182
38870	-41.82828099
38880	-41.81005336
38890	-41.81031868
38900	-41.81129909
38910	-41.81286211
38920	-41.8149275
38930	-41.81741502
38940	-41.8202634
38950	-41.82624794
38960	-41.83607799
38970	-41.84786249
38980	-41.8597104
38990	-41.86973068
39000	-41.87877359
39010	-41.88848264
39020	-41.89763229
39030	-41.90499413
39040	-41.90933976
39050	-41.88790854
39060	-41.7222925
39070	-41.46204633
39080	-41.18824105
39090	-40.98194763
39100	-40.92244078
39110	-40.99873831
39120	-41.14621284
39130	-41.31624854
39140	-41.46022957
39150	-41.53404432
39160	-41.57815046
39170	-41.61488207
39180	-41.64349614
39190	-41.66324962
39200	-41.67395664
39210	-41.67984861
39220	-41.68361054
39230	-41.68727739
39240	-41.69288413
39250	-41.70615432
39260	-41.82186146
39270	-42.03194345
39280	-42.27039812
39290	-42.47122333
39300	-42.56841691
39310	-42.47816284
39320	-42.20594953
39330	-41.85855332
39340	-41.54370154
39350	-41.36912149
39360	-41.36462295
39370	-41.38187622
39380	-41.40499344
39390	-41.42654389
39400	-41.43909686
39410	-41.43203961
39420	-41.39783683
39430	-41.34849677
39440	-41.2970542
39450	-41.25654389
39460	-41.24000062
39470	-41.40433305
39480	-41.79925772
39490	-42.27101765
39500	-42.66585006
39510	-42.82999903
39520	-42.80795058
39530	-42.75016647
39540	-42.6682784
39550	-42.57391805
39560	-42.47871714
39570	-42.39117746
39580	-42.28275139
39590	-42.15809687
39600	-42.0356557
39610	-41.93386964
39620	-41.87118047
39630	-41.87228092
39640	-41.98666741
39650	-42.17882215
39660	-42.39646748
39670	-42.58732574
39680	-42.69911925
39690	-42.66918836
39700	-42.46021211
39710	-42.14126524
39720	-41.78880476
39730	-41.47928768
39740	-41.28831596
39750	-41.16743478
39760	-41.05629118
39770	-40.96297484
39780	-40.89557544
39790	-40.86218264
39800	-40.8883291
39810	-41.00778552
39820	-41.17481736
39830	-41.33900556
39840	-41.44993109
39850	-41.46240476
39860	-41.39821529
39870	-41.29902567
39880	-41.2019615
39890	-41.14414834
39900	-41.16270486
39910	-41.25581947
39920	-41.37982394
39930	-41.48970164
39940	-41.54055726
39950	-41.54931406
39960	-41.55476903
39970	-41.55881097
39980	-41.56332866
39990	-41.57021295
40000	-41.58380954
40010	-41.60355058
40020	-41.62445442
40030	-41.64153942
40040	-41.64982394
40050	-41.58399067
40060	-41.38099293
40070	-41.12043263
40080	-40.88435833
40090	-40.74413941
40100	-40.65526267
40110	-40.58415201
40120	-40.51327721
40130	-40.42510803
40140	-40.2873411
40150	-40.04165304
40160	-39.77103517
40170	-39.57718539
40180	-39.56086024
40190	-39.73611845
40200	-39.97826653
40210	-40.15093368
40220	-40.13564627
40230	-39.95470815
40240	-39.67478489
40250	-39.36005237
40260	-38.86975092
40270	-38.21876378
40280	-37.75510059
40290	-37.88005995
40300	-38.75561272
40310	-39.783938
40320	-40.33429831
40330	-40.55706953
40340	-40.71740038
40350	-40.87184476
40360	-41.0776183
40370	-41.33169646
40380	-41.56139679
40390	-41.69158231
40400	-41.55821685
40410	-41.03392989
40420	-40.44310434
40430	-40.13238558
40440	-40.1507552
40450	-40.21166352
40460	-40.29762779
40470	-40.39334871
40480	-40.48687295
40490	-40.61704976
40500	-40.76788245
40510	-40.89828617
40520	-40.96717604
40530	-40.93929367
40540	-40.83727475
40550	-40.7162048
40560	-40.63149692
40570	-40.63708607
40580	-40.73453572
40590	-40.86528661
40600	-40.96772683
40610	-40.97899294
40620	-40.86725481
40630	-40.6933628
40640	-40.53018195
40650	-40.4505773
40660	-40.47881064
40670	-40.56357324
40680	-40.68395764
40690	-40.81936169
40700	-40.95300437
40710	-41.11825603
40720	-41.30983133
40730	-41.50434086
40740	-41.67839522
40750	-41.82565963
40760	-41.98051097
40770	-42.12285866
40780	-42.22768182
40790	-42.26995957
40800	-42.01975621
40810	-41.39906692
40820	-40.65750841
40830	-40.04493953
40840	-39.81091972
40850	-40.04031183
40860	-40.55291707
40870	-41.17290311
40880	-41.72443762
40890	-42.03168829
40900	-42.04021031
40910	-41.99818578
40920	-41.93130094
40930	-41.84859522
40940	-41.75910806
40950	-41.65505359
40960	-41.51857624
40970	-41.35475801
40980	-41.16888916
40990	-40.96625997
41000	-40.69930898
41010	-40.31627501
41020	-39.93009604
41030	-39.65881266
41040	-39.61841321
41050	-39.82480014
41060	-40.15078854
41070	-40.45819867
41080	-40.60885081
41090	-40.58704366
41100	-40.52431591
41110	-40.44635462
41120	-40.37793796
41130	-40.33785835
41140	-40.31245324
41150	-40.28841462
41160	-40.25365933
41170	-40.16895258
41180	-39.92875677
41190	-39.63094281
41200	-39.40042151
41210	-39.30165258
41220	-39.24015768
41230	-39.18142549
41240	-39.09243301
41250	-38.91469884
41260	-38.70556113
41270	-38.55973724
41280	-38.58500279
41290	-38.81683177
41300	-39.0517614
41310	-39.11168941
41320	-39.12423401
41330	-39.13402259
41340	-39.15515063
41350	-39.25843655
41360	-39.40620035
41370	-39.49739048
41380	-39.45676839
41390	-39.32569266
41400	-39.17185518
41410	-39.03535208
41420	-38.87542299
41430	-38.75007702
41440	-38.72590916
41450	-38.81213807
41460	-38.99351231
41470	-39.26025131
41480	-39.60257453
41490	-40.0107014
41500	-40.47485136
