1	-7.6138
2	-10.195
3	-8.026
4	-4.9104
5	1.0569
6	7.3139
7	9.6948
8	9.6176
9	7.175
10	2.7265
11	-5.0248
12	-8.0621
13	-9.9478
14	-8.3927
15	-4.8723
16	2.3706
17	6.6574
18	9.3393
19	9.7295
20	7.3042
21	1.8667
22	-5.1829
23	-8.1357
24	-9.9298
25	-8.6278
26	-4.6515
27	0.83049
28	6.7614
29	9.5365
30	9.5019
31	6.9945
32	0.25344
33	-4.5995
34	-8.9756
35	-10.001
36	-8.7585
37	-4.6209
38	1.8215
39	5.7645
40	10.119
41	9.5354
42	6.3603
43	1.9417
44	-3.4505
45	-8.8917
46	-9.9977
47	-8.3476
48	-4.4366
49	0.97257
50	6.0778
51	9.7823
52	9.7054
53	6.8526
54	0.53917
55	-4.8568
56	-8.4187
57	-10.076
58	-8.227
59	-4.3415
60	2.0457
61	6.1575
62	9.814
63	9.5969
64	6.8495
65	2.2312
66	-3.1324
67	-8.3445
68	-9.987
69	-7.9228
70	-3.7548
71	0.61902
72	7.0705
73	9.5201
74	9.5329
75	7.3713
76	1.0058
77	-4.773
78	-8.6986
79	-10.006
80	-8.3716
81	-3.8711
82	0.72573
83	6.3889
84	9.5605
85	9.9615
86	6.1646
87	1.9093
88	-3.5724
89	-8.588
90	-10.015
91	-7.8045
92	-3.3092
93	1.372
94	6.0826
95	9.3341
96	9.4063
97	6.6539
98	1.333
99	-5.2157
100	-8.5706
101	-10.091
102	-8.8507
103	-3.7445
104	1.3646
105	7.1729
106	9.5592
107	9.4798
108	6.7954
109	1.8297
110	-3.6228
111	-8.4884
112	-9.931
113	-8.2042
114	-5.1731
115	2.3416
116	6.1488
117	9.5539
118	10.168
119	5.7698
120	1.2808
121	-4.9468
122	-7.9443
123	-10.224
124	-8.7685
125	-4.7273
126	0.41722
127	7.4598
128	9.622
129	9.5157
130	7.1145
131	1.2661
132	-3.2743
133	-8.9458
134	-9.9467
135	-7.912
136	-3.5305
137	0.66812
138	6.3913
139	9.5725
140	9.4465
141	7.119
142	1.731
143	-4.4782
144	-8.4014
145	-9.9898
146	-7.8787
147	-3.5899
148	2.2929
149	7.0539
150	9.7707
151	9.5137
152	5.86
153	2.131
154	-3.1149
155	-8.4309
156	-9.9978
157	-8.26
158	-5.0178
159	1.799
160	7.1663
161	9.4678
162	9.5169
163	6.112
164	1.1836
165	-5.0526
166	-8.7942
167	-10.009
168	-8.9475
169	-4.3445
170	2.5041
171	6.9344
172	9.7148
173	9.9295
174	5.5615
175	0.4277
176	-4.7672
177	-8.2597
178	-9.9759
179	-8.6059
180	-4.0454
181	1.3211
182	6.9223
183	9.5051
184	9.4891
185	6.9176
186	0.62837
187	-4.3924
188	-8.2577
189	-10.064
190	-7.9658
191	-4.9086
192	0.72004
193	6.5795
194	9.6377
195	9.5529
196	6.2188
197	1.4338
198	-4.1399
199	-8.0573
200	-9.9586
201	-8.6132
202	-3.9107
203	0.7643
204	6.4888
205	9.6955
206	9.8418
207	7.2329
208	1.5369
209	-3.9176
210	-8.3006
211	-9.9971
212	-8.1824
213	-4.0808
214	1.9902
215	5.9854
216	9.8805
217	9.3628
218	5.9605
219	0.84103
220	-4.2917
221	-8.6585
222	-10.064
223	-8.3056
224	-3.5517
225	0.70695
226	5.5943
227	9.6478
228	9.3112
229	6.136
230	1.2276
231	-3.9563
232	-8.7329
233	-10.001
234	-8.7061
235	-3.4754
236	2.2497
237	6.8817
238	9.7033
239	9.5507
240	6.5584
241	0.40598
242	-4.5599
243	-8.0614
244	-10.173
245	-8.9448
246	-4.6715
247	1.4577
248	6.4166
249	9.7775
250	9.5734
251	7.3596
252	1.5337
253	-4.116
254	-8.77
255	-9.9988
256	-8.5438
257	-4.5437
258	1.6888
259	6.766
260	9.3945
261	9.4261
262	7.133
263	2.3358
264	-3.4183
265	-9.036
266	-9.9324
267	-8.2594
268	-4.5849
269	2.2733
270	6.2093
271	9.9872
272	9.7284
273	6.5334
274	2.0173
275	-3.7073
276	-7.9148
277	-10.02
278	-8.2273
279	-4.5945
280	2.2466
281	7.2562
282	9.4833
283	9.5927
284	6.5123
285	2.303
286	-3.9024
287	-8.2796
288	-9.9827
289	-8.7756
290	-4.3336
291	2.2068
292	6.9443
293	9.4368
294	9.4109
295	6.5223
296	0.73247
297	-3.3257
298	-8.0861
299	-10
300	-8.3616
301	-3.353
302	0.99098
303	7.4856
304	9.8249
305	9.6128
306	5.9126
307	2.0168
308	-3.4548
309	-8.1191
310	-10.08
311	-8.6264
312	-4.1816
313	0.40928
314	6.2519
315	9.4274
316	9.5607
317	6.4493
318	2.2762
319	-5.2225
320	-8.7735
321	-9.9895
322	-8.2882
323	-4.7293
324	0.58031
325	7.466
326	9.6349
327	9.6101
328	6.404
329	1.7456
330	-3.8713
331	-8.7122
332	-9.974
333	-8.0657
334	-5.3235
335	2.402
336	7.13
337	9.6617
338	9.4331
339	6.5235
340	1.0809
341	-3.376
342	-7.7907
343	-10.176
344	-8.7744
345	-3.6345
346	1.5908
347	6.4751
348	9.3814
349	9.5722
350	7.5293
351	0.90463
352	-3.8143
353	-8.1851
354	-9.9989
355	-8.6274
356	-4.5467
357	2.2673
358	7.094
359	9.3733
360	9.3552
361	5.7779
362	1.5268
363	-3.3725
364	-8.1713
365	-10.025
366	-8.2295
367	-4.0845
368	0.18625
369	7.3365
370	9.514
371	9.6708
372	6.2951
373	0.7353
374	-4.2984
375	-8.439
376	-10.067
377	-8.5386
378	-3.5472
379	1.6619
380	6.407
381	9.7639
382	9.4825
383	6.7672
384	0.88732
385	-3.6258
386	-7.7396
387	-10.002
388	-8.2368
389	-4.348
390	2.3248
391	6.0475
392	9.2341
393	9.8734
394	6.1531
395	1.6556
396	-5.2452
397	-8.4878
398	-10.002
399	-7.9367
400	-3.5456
401	1.6152
402	7.2721
403	9.5586
404	9.5783
405	6.8702
406	1.857
407	-3.8242
408	-9.0756
409	-9.9311
410	-8.1999
411	-4.2055
412	1.0673
413	6.7228
414	9.4508
415	9.6754
416	7.396
417	1.4978
418	-4.55
419	-8.8831
420	-10.004
421	-8.757
422	-3.9553
423	2.3641
424	6.9279
425	9.8129
426	9.4428
427	6.4453
428	1.4777
429	-4.2464
430	-8.0088
431	-9.9942
432	-9.0149
433	-4.4145
434	0.29342
435	7.1289
436	9.5463
437	9.4896
438	6.8004
439	1.9461
440	-5.1832
441	-8.6553
442	-10.01
443	-8.5756
444	-4.9498
445	1.811
446	6.1413
447	9.4765
448	9.3746
449	6.7327
450	1.1912
451	-3.1858
452	-9.2934
453	-9.9879
454	-8.3158
455	-4.0749
456	0.78978
457	6.9003
458	9.4661
459	9.5705
460	5.6494
461	0.81717
462	-3.727
463	-8.4552
464	-9.9742
465	-8.2458
466	-4.3982
467	2.1284
468	6.1925
469	9.8739
470	10.045
471	6.1766
472	2.0549
473	-4.9211
474	-8.6336
475	-10.034
476	-8.4958
477	-4.5276
478	1.318
479	6.6821
480	9.5151
481	9.6732
482	6.8615
483	1.6912
484	-3.1467
485	-8.9147
486	-10.07
487	-8.0335
488	-3.4401
489	1.2051
490	6.648
491	9.6206
492	9.6711
493	7.0687
494	1.0651
495	-3.8446
496	-8.5319
497	-10.002
498	-8.8736
499	-3.5219
500	1.3472
	
	
	
	
	
	
	
	
	
	
	
	
	
	
	
	
	
	
	
	
	
	
	
	
	
	
	
	
	
	
	
	
	
	
	
	
	
	
	
	
	
	
	
	
	
	
	
	
	
	
	
	
	
	
	
	
	
	
	
	
	
	
	
	
	
	
	
	
	
	
	
	
	
	
	
	
	
	
	
	
	
	
	
	
	
	
	
	
	
	
	
	
	
	
	
	
	
	
	
	
	
	
	
	
	
	
	
	
	
	
	
	
	
	
	
	
	
	
	
	
	
	
	
	
	
	
	
	
	
	
	
	
	
	
	
	
	
	
	
	
	
	
	
	
	
	
	
	
	
	
	
	
	
	
	
	
	
	
	
	
	
	
	
	
	
	
	
	
	
	
	
	
	
	
	
	
	
	
	
	
	
	
	
	
	
	
	
	
	
	
	
	
	
	
	
	
	
	
	
	
	
	
	
	
	
	
	
	
	
	
	
	
	
	
	
	
	
	
	
	
	
	
	
	
	
	
	
	
	
	
	
	
	
	
	
	
	
	
	
	
	
	
	
	
	
	
	
	
	
	
	
	
	
	
	
	
	
	
	
	
	
	
	
	
	
	
	
	
	
	
	
	
	
	
	
	
	
	
	
	
	
	
	
	
	
	
	
	
	
	
	
	
	
	
	
	
	
	
	
	
	
	
	
	
	
	
	
	
	
	
	
	
	
	
	
	
	
	
	
	
	
	
	
	
	
	
	
	
	
	
	
	
	
	
	
	
	
	
	
	
	
	
	
	
	
	
	
	
	
	
	
	
	
	
	
	
	
	
	
	
	
	
	
	
	
	
	
	
	
	
	
	
	
	
	
	
	
	
	
	
	
	
	
	
	
	
	
	
	
	
	
	
	
	
	
	
	
	
	
	
	
	
	
	
	
	
	
	
	
	
	
	
	
	
	
	
	
	
	
	
	
	
	
	
	
	
	
	
	
	
	
	
	
	
	
	
	
	
	
	
	
	
	
	
	
	
	
	
	
	
	
	
	
	
	
	
	
	
	
	
	
	
	
	
	
	
	
	
	
	
	
	
	
	
	
	
	
	
	
	
	
	
	
	
	
	
	
	
	
	
	
	
	
	
	
	
	
	
	
	
	
	
	
	
	
	
	
	
	
	
	
	
	
	
	
	
	
	
	
	
	
	
	
	
	
	
	
	
	
	
	
	
	
	
	
	
	
	
	
	
	
	
	
	
	
	
	
	
	
	
	
	
	
	
	
	
	
	
	
	
	
	
	
	
	
	
	
	
	
	
	
	
	
	
	
	
	
	
	
	
	
	
	
	
	
	
	
	
	
	
	
	
	
	
	
	
	
	
	
	
	
	
	
	
	
	
	
	
	
	
	
	
	
	
	
	
	
	
	
	
	
	
	
	
	
	
	
	
	
	
	
	
	
	
	
	
	
	
	
	
	
	
	
	
	
	
	
	
	
	
	
	
	
	
	
	
	
	
	
	
	
	
	
	
	
	
	
	
	
	
	
	
	
	
	
	
	
	
	
	
	
	
	
	
	
	
	
	
	
	
	
	
	
	
	
	
	
	
	
	
	
	
	
	
	
	
	
	
	
	
	
	
	
	
	
	
	
	
	
	
	
	
	
	
	
	
	
	
	
	
	
	
	
	
	
	
	
	
	
	
	
	
	
	
	
	
	
	
	
	
	
	
	
	
	
	
	
	
	
	
	
	
	
	
	
	
	
	
	
	
	
	
	
	
	
	
	
	
	
	
	
	
	
	
	
	
	
	
	
	
	
	
	
	
	
	
	
	
	
	
	
	
	
	
	
	
	
	
	
	
	
	
	
	
	
	
	
	
	
	
	
	
	
	
	
	
	
	
	
	
	
	
	
	
	
	
	
	
	
	
	
	
	
	
	
	
	
	
	
	
	
	
	
	
	
	
	
	
	
	
	
	
	
	
	
	
	
	
	
	
	
	
	
	
	
	
	
	
	
	
	
	
	
	
	
	
	
	
	
	
	
	
	
	
	
	
	
	
	
	
	
	
	
	
	
	
	
	
	
	
	
	
	
	
	
	
	
	
	
	
	
	
	
	
	
	
	
	
	
	
	
	
	
	
	
	
	
	
	
	
	
	
	
	
	
	
	
	
	
	
	
	
	
	
	
	
	
	
	
	
	
	
	
	
	
	
	
	
	
	
	
	
	
	
	
	
	
	
	
	
	
	
	
	
	
	
	
	
	
	
	
	
	
	
	
	
	
	
	
	
	
	
	
	
	
	
	
	
	
	
	
	
	
	
	
	
	
	
	
	
	
	
	
	
	
	
	
	
	
	
	
	
	
	
	
	
	
	
	
	
	
	
	
	
	
	
	
	
	
	
	
	
	
	
	
	
	
	
	
	
	
	
	
	
	
	
	
	
	
	
	
	
	
	
	
	
	
	
	
	
	
	
	
	
	
	
	
	
	
	
	
	
	
	
	
	
	
	
	
	
	
	
	
	
	
	
	
	
	
	
	
	
	
	
	
	
	
	
	
	
	
	
	
	
	
	
	
	
	
	
	
	
	
	
	
	
	
	
	
	
	
	
	
	
	
	
	
	
	
	
	
	
	
	
	
	
	
	
	
	
	
	
	
	
	
	
	
	
	
	
	
	
	
	
	
	
	
	
	
	
	
	
	
	
	
	
	
	
	
	
	
	
	
	
	
	
	
	
	
	
	
	
	
	
	
	
	
	
	
	
	
	
	
	
	
	
	
	
	
	
	
	
	
	
	
	
	
	
	
	
	
	
	
	
	
	
	
	
	
	
	
	
	
	
	
	
	
	
	
	
	
	
	
	
	
	
	
	
	
	
	
	
	
	
	
	
	
	
	
	
	
	
	
	
	
	
	
	
	
	
	
	
	
	
	
	
	
	
	
	
	
	
	
	
	
	
	
	
	
	
	
	
	
	
	
	
	
	
	
	
	
	
	
	
	
	
	
	
	
	
	
	
	
	
	
	
	
	
	
	
	
	
	
	
	
	
	
	
	
	
	
	
	
	
	
	
	
	
	
	
	
	
	
	
	
	
	
	
	
	
	
	
	
	
	
	
	
	
	
	
	
	
	
	
	
	
	
	
	
	
	
	
	
	
	
	
	
	
	
	
	
	
	
	
	
	
	
	
	
	
	
	
	
	
	
	
	
	
	
	
	
	
	
	
	
	
	
	
	
	
	
	
	
	
	
	
	
	
	
	
	
	
	
	
	
	
	
	
	
	
	
	
	
	
	
	
	
	
	
	
	
	
	
	
	
	
	
	
	
	
	
	
	
	
	
	
	
	
	
	
	
	
	
	
	
	
	
	
	
	
	
	
	
	
	
	
	
	
	
	
	
	
	
	
	
	
	
	
	
	
	
	
	
	
	
	
	
	
	
	
	
	
	
	
	
	
	
	
	
	
	
	
	
	
	
	
	
	
	
	
	
	
	
	
	
	
	
	
	
	
	
	
	
	
	
	
	
	
	
	
	
	
	
	
	
	
	
	
	
	
	
	
	
	
	
	
	
	
	
	
	
	
	
	
	
	
	
	
	
	
	
	
	
	
	
	
	
	
	
	
	
	
	
	
	
	
	
	
	
	
	
	
	
	
	
	
	
	
	
	
	
	
	
	
	
	
	
	
	
	
	
	
	
	
	
	
	
	
	
	
	
	
	
	
	
	
	
	
	
	
	
	
	
	
	
	
	
	
	
	
	
	
	
	
	
	
	
	
	
	
	
	
	
	
	
	
	
	
	
	
	
	
	
	
	
	
	
	
	
	
	
	
	
	
	
	
	
	
	
	
	
	
	
	
	
	
	
	
	
	
	
	
	
	
	
	
	
	
	
	
	
	
	
	
	
	
	
	
	
	
	
	
	
	
	
	
	
	
	
	
	
	
	
	
	
	
	
	
	
	
	
	
	
	
	
	
	
	
	
	
	
	
	
	
	
	
	
	
	
	
	
	
	
	
	
	
	
	
	
	
	
	
	
	
	
	
	
	
	
	
	
	
	
	
	
	
	
	
	
	
	
	
	
	
	
	
	
	
	
	
	
	
	
	
	
	
	
	
	
	
	
	
	
	
	
	
	
	
	
	
	
	
	
	
	
	
	
	
	
	
	
	
	
	
	
	
	
	
	
	
	
	
	
	
	
	
	
	
	
	
	
	
	
	
	
	
	
	
	
	
	
	
	
	
	
	
	
	
	
	
	
	
	
	
	
	
	
	
	
	
	
	
	
	
	
	
	
	
	
	
	
	
	
	
	
	
	
	
	
	
	
	
	
	
	
	
	
	
	
	
	
	
	
	
	
	
	
	
	
	
	
	
	
	
	
	
	
	
	
	
	
	
	
	
	
	
	
	
	
	
	
	
	
	
	
	
	
	
	
	
	
	
	
	
	
	
	
	
	
	
	
	
	
	
	
	
	
	
	
	
	
	
	
	
	
	
	
	
	
	
	
	
	
	
	
	
	
	
	
	
	
	
	
	
	
	
	
	
	
	
	
	
	
	
	
	
	
	
	
	
	
	
	
	
	
	
	
	
	
	
	
	
	
	
	
	
	
	
	
	
	
	
	
	
	
	
	
	
	
	
	
	
	
	
	
	
	
	
	
	
	
	
	
	
	
	
	
	
	
	
	
	
	
	
	
	
	
	
	
	
	
	
	
	
	
	
	
	
	
	
	
	
	
	
	
	
	
	
	
	
	
	
	
	
	
	
	
	
	
	
	
	
	
	
	
	
	
	
	
	
	
	
	
	
	
	
	
	
	
	
	
	
	
	
	
	
	
	
	
	
	
	
	
	
	
	
	
	
	
	
	
	
	
	
	
	
	
	
	
	
	
	
	
	
	
	
	
	
	
	
	
	
	
	
	
	
	
	
	
	
	
	
	
	
	
	
	
	
	
	
	
	
	
	
	
	
	
	
	
	
	
	
	
	
	
	
	
	
	
	
	
	
	
	
	
	
	
	
	
	
	
	
	
	
	
	
	
	
	
	
	
	
	
	
	
	
	
	
	
	
	
	
	
	
	
	
	
	
	
	
	
	
	
	
	
	
	
	
	
	
	
	
	
	
	
	
	
	
	
	
	
	
	
	
	
	
	
	
	
	
	
	
	
	
	
	
	
	
	
	
	
	
	
	
	
	
	
	
	
	
	
	
	
	
	
	
	
	
	
	
	
	
	
	
	
	
	
	
	
	
	
	
	
	
	
	
	
	
	
	
	
	
	
	
	
	
	
	
	
	
	
	
	
	
	
	
	
	
	
	
	
	
	
	
	
	
	
	
	
	
	
	
	
	
	
	
	
	
	
	
	
	
	
	
	
	
	
	
	
	
	
	
	
	
	
	
	
	
	
	
	
	
	
	
	
	
	
	
	
	
	
	
	
	
	
	
	
	
	
	
	
	
	
	
	
	
	
	
	
	
	
	
	
	
	
	
	
	
	
	
	
	
	
	
	
	
	
	
	
	
	
	
	
	
	
	
	
	
	
	
	
	
	
	
	
	
	
	
	
	
	
	
	
	
	
	
	
	
	
	
	
	
	
	
	
	
	
	
	
	
	
	
	
	
	
	
	
	
	
	
	
	
	
	
	
	
	
	
	
	
	
	
	
	
	
	
	
	
	
	
	
	
	
	
	
	
	
	
	
	
	
	
	
	
	
	
	
	
	
	
	
	
	
	
	
	
	
	
	
	
	
	
	
	
	
	
	
	
	
	
	
	
	
	
	
	
	
	
	
	
	
	
	
	
	
	
	
	
	
	
	
	
	
	
	
	
	
	
	
	
	
	
	
	
	
	
	
	
	
	
	
	
	
	
	
	
	
	
	
	
	
	
	
	
	
	
	
	
	
	
	
	
	
	
	
	
	
	
	
	
	
	
	
	
	
	
	
	
	
	
	
	
	
	
	
	
	
	
	
	
	
	
	
	
	
	
	
	
	
	
	
	
	
	
	
	
	
	
	
	
	
	
	
	
	
	
	
	
	
	
	
	
	
	
	
	
	
	
	
	
	
	
	
	
	
	
	
	
	
	
	
	
	
	
	
	
	
	
	
	
	
	
	
	
	
	
	
	
	
	
	
	
	
	
	
	
	
	
	
	
	
	
	
	
	
	
	
	
	
	
	
	
	
	
	
	
	
	
	
	
	
	
	
	
	
	
	
	
	
	
	
	
	
	
	
	
	
	
	
	
	
	
	
	
	
	
	
	
	
	
	
	
	
	
	
	
	
	
	
	
	
	
	
	
	
	
	
	
	
	
	
	
	
	
	
	
	
	
	
	
	
	
	
	
	
	
	
	
	
	
	
	
	
	
	
	
	
	
	
	
	
	
	
	
	
	
	
	
	
	
	
	
	
	
	
	
	
	
	
	
	
	
	
	
	
	
	
	
	
	
	
	
	
	
	
	
	
	
	
	
	
	
	
	
	
	
	
	
	
	
	
	
	
	
	
	
	
	
	
	
	
	
	
	
	
	
	
	
	
	
	
	
	
	
	
	
	
	
	
	
	
	
	
	
	
	
	
	
	
	
	
	
	
	
	
	
	
	
	
	
	
	
	
	
	
	
	
	
	
	
	
	
	
	
	
	
	
	
	
	
	
	
	
	
	
	
	
	
	
	
	
	
	
	
	
	
	
	
	
	
	
	
	
	
	
	
	
	
	
	
	
	
	
	
	
	
	
	
	
	
	
	
	
	
	
	
	
	
	
	
	
	
	
	
	
	
	
	
	
	
	
	
	
	
	
	
	
	
	
	
	
	
	
	
	
	
	
	
	
	
	
	
	
	
	
	
	
	
	
	
	
	
	
	
	
	
	
	
	
	
	
	
	
	
	
	
	
	
	
	
	
	
	
	
	
	
	
	
	
	
	
	
	
	
	
	
	
	
	
	
	
	
	
	
	
	
	
	
	
	
	
	
	
	
	
	
	
	
	
	
	
	
	
	
	
	
	
	
	
	
	
	
	
	
	
	
	
	
	
	
	
	
	
	
	
	
	
	
	
	
	
	
	
	
	
	
	
	
	
	
	
	
	
	
	
	
	
	
	
	
	
	
	
	
	
	
	
	
	
	
	
	
	
	
	
	
	
	
	
	
	
	
	
	
	
	
	
	
	
	
	
	
	
	
	
	
	
	
	
	
	
	
	
	
	
	
	
	
	
	
	
	
	
	
	
	
	
	
	
	
	
	
	
	
	
	
	
	
	
	
	
	
	
	
	
	
	
	
	
	
	
	
	
	
	
	
	
	
	
	
	
	
	
	
	
	
	
	
	
	
	
	
	
	
	
	
	
	
	
	
	
	
	
	
	
	
	
	
	
	
	
	
	
	
	
	
	
	
	
	
	
	
	
	
	
	
	
	
	
	
	
	
	
	
	
	
	
	
	
	
	
	
	
	
	
	
	
	
	
	
	
	
	
	
	
	
	
	
	
	
	
	
	
	
	
	
	
	
	
	
	
	
	
	
	
	
	
	
	
	
	
	
	
	
	
	
	
	
	
	
	
	
	
	
	
	
	
	
	
	
	
	
	
	
	
	
	
	
	
	
	
	
	
	
	
	
	
	
	
	
	
	
	
	
	
	
	
	
	
	
	
	
	
	
	
	
	
	
	
	
	
	
	
	
	
	
	
	
	
	
	
	
	
	
	
	
	
	
	
	
	
	
	
	
	
	
	
	
	
	
	
	
	
	
	
	
	
	
	
	
	
	
	
	
	
	
	
	
	
	
	
	
	
	
	
	
	
	
	
	
	
	
	
	
	
	
	
	
	
	
	
	
	
	
	
	
	
	
	
	
	
	
	
	
	
	
	
	
	
	
	
	
	
	
	
	
	
	
	
	
	
	
	
	
	
	
	
	
	
	
	
	
	
	
	
	
	
	
	
	
	
	
	
	
	
	
	
	
	
	
	
	
	
	
	
	
	
	
	
	
	
	
	
	
	
	
	
	
	
	
	
	
	
	
	
	
	
	
	
	
	
	
	
	
	
	
	
	
	
	
	
	
	
	
	
	
	
	
	
	
	
	
	
	
	
	
	
	
	
	
	
	
	
	
	
	
	
	
	
	
	
	
	
	
	
	
	
	
	
	
	
	
	
	
	
	
	
	
	
	
	
	
	
	
	
	
	
	
	
	
	
	
	
	
	
	
	
	
	
	
	
	
	
	
	
	
	
	
	
	
	
	
	
	
	
	
	
	
	
	
	
	
	
	
	
	
	
	
	
	
