10	-33.7415414335085
20	-33.5450153790912
30	-35.280611170475
40	-33.888681163073
50	-35.0426787137756
60	-35.1287476408609
70	-34.8684633078372
80	-35.6799088061574
90	-34.475840678418
100	-34.9967061067406
110	-34.0954974583093
120	-35.2192368223548
130	-34.7218872700072
140	-34.6295703793613
150	-35.4455878072253
160	-34.544397917237
170	-35.8381361643658
180	-34.8756788111632
190	-35.0605208385314
200	-36.0272682698596
210	-34.5285282901594
220	-33.154166545043
230	-35.1712276972931
240	-35.4054499015491
250	-37.0119120704467
260	-35.952370121083
270	-35.1345887983886
280	-35.245352095539
290	-35.8559002850337
300	-34.9536310311995
310	-36.0230138588219
320	-34.453805677758
330	-35.5278214188476
340	-35.2274016128349
350	-35.4705469778943
360	-34.8820197404134
370	-34.9376525072062
380	-35.4342418526333
390	-34.4250116848974
400	-34.4298116302592
410	-35.2193321363478
420	-34.8907748686014
430	-36.2408897606234
440	-34.7048842609659
450	-34.4689769354129
460	-34.875322695863
470	-34.8662848442859
480	-34.6738961407102
490	-34.5777754470529
500	-34.8357616656728
510	-35.395282439707
520	-35.1716889007034
530	-34.6037394392384
540	-34.0532614786724
550	-34.7151700843671
560	-34.6565207618306
570	-35.784388605211
580	-34.4216341122784
590	-35.9073972164446
600	-36.2791812566799
610	-36.1043251962704
620	-35.4941254157046
630	-35.4007241817694
640	-33.4749589678404
650	-35.74
660	-34.5863794451561
670	-34.8537981081814
680	-34.1373828872623
690	-35.6845633304961
700	-34.4783575912208
710	-34.6788281076762
720	-35.3102262101524
730	-35.25
740	-34.45
750	-34.391089317665
760	-36.0092024723734
770	-35.4425904578119
780	-35.4378605050232
790	-35.0188753610664
800	-36.1218644503775
810	-35.183817048474
820	-35.2439596283694
830	-35.5502629750027
840	-35.8776894104638
850	-35.2456181681799
860	-34.8136225909278
870	-35.142868903271
880	-34.3256955425746
890	-35.170372812399
900	-34.7039834873255
910	-34.9305073244147
920	-35.8522093719543
930	-34.5784288024534
940	-34.65
950	-35.420350846558
960	-35.7471584401044
970	-34.3256070865553
980	-34.4044089584642
990	-33.6940831156405
1000	-34.7222008264181
1010	-35.4207223701179
1020	-34.9573066819956
1030	-35.1537670210825
1040	-33.5224429715307
1050	-34.8246847520935
1060	-35.3626765277805
1070	-34.8063242698011
1080	-35.2868382881726
1090	-36.4035305387089
1100	-35.4110542396715
1110	-33.6116204630111
1120	-35.2416602942592
1130	-34.4631938279289
1140	-35.5104121615157
1150	-34.030458177297
1160	-34.6001862396372
1170	-36.7524337060269
1180	-34.2666438896581
1190	-33.9408520793534
1200	-33.9111076820663
1210	-35.8853003104328
1220	-34.6346956604238
1230	-34.0807483835862
1240	-35.740582429425
1250	-35.7266372313331
1260	-34.4081768970032
1270	-36.1961248824489
1280	-34.1701580182195
1290	-33.9622227149526
1300	-35.3804829855057
1310	-34.23
1320	-36.4028272695534
1330	-35.3015856430579
1340	-34.5537324207228
1350	-35.7582432688906
1360	-36.5210200206621
1370	-34.2103104870422
1380	-35.8146830195556
1390	-34.2186453326624
1400	-34.0464606829781
1410	-35.2158210005746
1420	-35.4552726032265
1430	-35.2527150695875
1440	-35.458836453106
1450	-34.7238655433301
1460	-35.7807590474971
1470	-35.2419924625572
1480	-34.5541558722495
1490	-37.1443042641401
1500	-34.2937388816753
1510	-35.0385518574498
1520	-34.7473723464131
1530	-34.7404132852918
1540	-34.54
1550	-35.0737606459939
1560	-34.4028791074539
1570	-34.2842294772442
1580	-35.0113066581082
1590	-35.2509342007216
1600	-34.9555383869158
1610	-34.3388775809473
1620	-34.82
1630	-36.7083381328129
1640	-34.9931970121157
1650	-35.4824364118118
1660	-35.5382503552629
1670	-34.4218461588898
1680	-34.9019771914502
1690	-34.4909956845672
1700	-35.5873851955997
1710	-35.2446618056145
1720	-35.8021885432527
1730	-36.1789708707583
1740	-35.44
1750	-34.339028183134
1760	-35.0670042512405
1770	-35.5329300383551
1780	-36.2606285355466
1790	-35.29689873963
1800	-34.2171676801188
1810	-35.0675810514642
1820	-34.8132420285344
1830	-34.4399062820248
1840	-34.8499037748589
1850	-35.5961457007325
1860	-34.8623927518576
1870	-34.6196837753376
1880	-34.6796850077169
1890	-34.3833481461254
1900	-34.7902207950797
1910	-34.3371956205536
1920	-34.8206973437638
1930	-34.84
1940	-35.1664003689743
1950	-34.7593648639676
1960	-34.5117229753281
1970	-35.0703635470109
1980	-34.4330643027619
1990	-34.3182109527593
2000	-36.5905674720647
2010	-35.2736219683053
2020	-36.3182553035043
2030	-34.7035128061314
2040	-35.078060228801
2050	-34.563923045175
2060	-33.8808428476529
2070	-35.7420877916179
2080	-35.0327389392275
2090	-34.6530103932879
2100	-35.0338794170543
2110	-35.8130989933232
2120	-34.7053997720253
2130	-35.2606593456585
2140	-36.2018539250967
2150	-35.0087214583466
2160	-35.7808451508941
2170	-33.7066058713865
2180	-34.1566443985441
2190	-35.3500292685588
2200	-33.8435512144435
2210	-34.4704473477266
2220	-35.0087102311117
2230	-34.6563714198218
2240	-34.7552280166628
2250	-34.6171112834602
2260	-35.6981419660212
2270	-35.5561653142044
2280	-35.741079820728
2290	-35.5476755284504
2300	-33.6513150349451
2310	-34.24
2320	-35.6018029253535
2330	-34.0949180760211
2340	-34.9117205475711
2350	-35.3625870896139
2360	-34.0803753159999
2370	-34.1179606572591
2380	-34.7414447844152
2390	-34.2505098146973
2400	-34.4131474902858
2410	-36.0123979352875
2420	-35.4899222002652
2430	-34.19
2440	-34.2544192604175
2450	-34.9747719563442
2460	-35.5669988384246
2470	-33.9120388307408
2480	-34.1656979652297
2490	-34.365350225792
2500	-34.59
2510	-34.1118518518519
2520	-34.1305690337888
2530	-35.1261926568226
2540	-35.2395872962833
2550	-35.1579891519201
2560	-35.0100297438454
2570	-34.7060026783095
2580	-35.7185427687856
2590	-34.8682234756789
2600	-33.528729630296
2610	-34.5808190311478
2620	-34.3328060679568
2630	-35.3202268966491
2640	-35.0836353815044
2650	-34.7895139216802
2660	-34.1188042901331
2670	-34.9351928079286
2680	-34.9515873248845
2690	-34.2548463254263
2700	-34.5677202521565
2710	-34.963950271254
2720	-34.4650545499918
2730	-35.7838354527563
2740	-36.1727668637429
2750	-34.9954321625159
2760	-35.0454552016699
2770	-35.1178858440802
2780	-34.5132758265214
2790	-33.9158867408203
2800	-33.7183493329515
2810	-35.3769882514905
2820	-35.5108962418927
2830	-35.129026222377
2840	-34.8625898891592
2850	-34.0402056236355
2860	-35.3474151014184
2870	-34.5591555296246
2880	-35.2131477844118
2890	-34.9672962999391
2900	-34.5055327389669
2910	-34.6863074976163
2920	-34.1538647081834
2930	-34.5962243042642
2940	-35.4605829711403
2950	-33.3992635579894
2960	-34.4392649528018
2970	-35.3730532421906
2980	-35.6055567653675
2990	-34.5356927552053
3000	-33.9617149377261
3010	-35.1811298087186
3020	-34.2950153683321
3030	-36.1121053795767
3040	-35.7398605202516
3050	-35.6314828518993
3060	-34.1757537109735
3070	-34.3856367238806
3080	-36.243368005358
3090	-35.0730090181315
3100	-35.0611958155461
3110	-35.5608836502961
3120	-35.3685224744024
3130	-35.595661719904
3140	-34.0171946931229
3150	-33.6712223483665
3160	-34.6574087483473
3170	-35.7044738796653
3180	-34.7675834653398
3190	-35.5158175293502
3200	-35.0598417889565
3210	-34.3268528231405
3220	-34.6022913155546
3230	-34.744464304252
3240	-35.081239521045
3250	-34.433033702531
3260	-34
3270	-33.9554199963731
3280	-34.5737180049891
3290	-34.1098851330069
3300	-33.2244939901806
3310	-34.0358848236762
3320	-35.1221832090676
3330	-35.1161875815497
3340	-34.8087905981741
3350	-33.3677223729495
3360	-35.0300854888076
3370	-35.2893573966477
3380	-34.51
3390	-34.6553222332198
3400	-34.3252447057999
3410	-34.2
3420	-34.56
3430	-34.5877698753193
3440	-34.9042016703592
3450	-34.96
3460	-35.1984745917463
3470	-34.5691000340717
3480	-34.0005169733186
3490	-36.3455802524353
3500	-34.386579827966
3510	-34.28
3520	-35.35
3530	-34.4276109307025
3540	-35.2237511092301
3550	-33.7783495855839
3560	-35.6889248402855
3570	-33.7398980082277
3580	-35.9255961149534
3590	-36.2243647735313
3600	-34.4626727119988
3610	-35.2238061311026
3620	-34.9776864120432
3630	-34.7788710200074
3640	-35.3865079042538
3650	-34.4927224298035
3660	-35.61
3670	-34.4215902120708
3680	-35.227916149566
3690	-34.275783653815
3700	-35.0296049578022
3710	-34.5233735970875
3720	-36.13
3730	-34.349169978264
3740	-35.1581947374519
3750	-34.7756699694183
3760	-35.1443219236151
3770	-35.3078452675737
3780	-35.2324497281417
3790	-35.0425626744692
3800	-34.4395441566276
3810	-33.8171579573087
3820	-35.3406610080295
3830	-34.1478385623162
3840	-34.7144198110578
3850	-35.9096846362308
3860	-35.1303988840765
3870	-35.0287016379803
3880	-35.3595234767518
3890	-34.5092881847072
3900	-34.0720291960987
3910	-36.0567532349355
3920	-34.5215212127937
3930	-34.9157139014728
3940	-35.3995184340126
3950	-34.726222945073
3960	-34.4070806759812
3970	-34.8082405292436
3980	-34.1336767684781
3990	-34.3808977824612
4000	-35.4618916641527
4010	-34.5015659253648
4020	-34.3959801846529
4030	-33.6729458850305
4040	-35.2401565535932
4050	-34.7828169890085
4060	-34.8584414503187
4070	-34.4297854533207
4080	-34.7564270880438
4090	-35.1219417719936
4100	-33.8841503096558
4110	-33.9621195359483
4120	-34.3467987602826
4130	-35.8031246429134
4140	-34.5298359527345
4150	-35.2905154254295
4160	-35.3590117125199
4170	-34.8473807606031
4180	-34.8742705672335
4190	-33.7374278109462
4200	-34.3666887012012
4210	-34.95049327274
4220	-34.77356606989
4230	-34.8077055857307
4240	-35.2587995308163
4250	-34.0312236141963
4260	-34.2850122388569
4270	-35.0653063564297
4280	-35.8992952219355
4290	-35.4972531008136
4300	-34.601887472304
4310	-34.5303435482465
4320	-35.1888802411751
4330	-35.2905498236581
4340	-34.6057479294789
4350	-34.3676740603656
4360	-35.8816606172399
4370	-35.5372289869328
4380	-34.087845031864
4390	-33.6231775432664
4400	-34.675003008271
4410	-35.7685433783437
4420	-34.609894295791
4430	-34.339979797681
4440	-35.7478329603108
4450	-34.6242242878836
4460	-35.9003215022045
4470	-35.2770817468537
4480	-35.5997297162379
4490	-34.590288969476
4500	-33.9650117057947
4510	-34.650777071475
4520	-34.0635161366871
4530	-35.2342224934746
4540	-33.8402333881588
4550	-35.247280351434
4560	-34.6534759139561
4570	-34.9207063930941
4580	-35.1273850713976
4590	-35.3438991108298
4600	-35.6700431930537
4610	-34.8399410562968
4620	-34.8531965682803
4630	-37.0305694697291
4640	-34.1337361877803
4650	-34.3868107412129
4660	-34.5743129321826
4670	-34.8149386818762
4680	-35.0108994352085
4690	-34.7642874594799
4700	-34.563347191943
4710	-35.3282216867647
4720	-34.9772775754803
4730	-35.717769472443
4740	-35.1812145249237
4750	-33.5358226715179
4760	-34.8523680534464
4770	-34.5349006030564
4780	-35.556052594763
4790	-35.214539001453
4800	-36.3934555224532
4810	-34.3440111680207
4820	-34.5486281924524
4830	-35.4014327672452
4840	-34.4434834276079
4850	-34.3193754639642
4860	-35.0993762937471
4870	-34.8928888418036
4880	-34.4420232078887
4890	-35.0001960668851
4900	-35.4026142789911
4910	-34.2548195746927
4920	-34.1516656692928
4930	-34.875819198309
4940	-35.489797395292
4950	-34.644052614107
4960	-34.5872286780069
4970	-34.746047745036
4980	-35.4983553761104
4990	-35.32
5000	-34.2118802449809
5010	-35.299171000998
5020	-34.3087710427872
5030	-34.2343715328276
5040	-35.4822612917178
5050	-34.8251275481038
5060	-35.3721137852975
5070	-34.1045214917884
5080	-35.0204906198777
5090	-35.6195403555329
5100	-34.1534707272085
5110	-35.4611725306257
5120	-36.0327464904388
5130	-34.9271339430985
5140	-34.602350335955
5150	-35.6590105088946
5160	-34.1314337399107
5170	-34.9775523050892
5180	-34.774907861415
5190	-35.5437911741766
5200	-34.6925353607135
5210	-35.7557120633095
5220	-35.1255840698298
5230	-35.2178374128103
5240	-34.7526408854076
5250	-35.7631071606974
5260	-35.6143731239603
5270	-35.7812572996379
5280	-35.0720401381846
5290	-36.0199824163048
5300	-35.0260540149249
5310	-35.011388768906
5320	-35.3279790513099
5330	-35.8364656547995
5340	-34.3373953210038
5350	-36.2185914883403
5360	-35.3050499622266
5370	-35.3525329508078
5380	-34.2136525203015
5390	-35.0812076861703
5400	-35.0127561841337
5410	-35.8002619747203
5420	-34.5474730802201
5430	-34.7023923194485
5440	-34.48
5450	-35.1466964005017
5460	-34.3604499177939
5470	-34.4210322621685
5480	-35.7230755925757
5490	-34.4781569105514
5500	-34.648549141204
5510	-35.317154656567
5520	-35.2964527645687
5530	-35.088113324157
5540	-34.8098088045005
5550	-35.1947288837751
5560	-33.6076122301221
5570	-34.7373820985496
5580	-35.5362077350418
5590	-33.7837825327985
5600	-34.1706414223768
5610	-34.9004717900143
5620	-34.3082405877862
5630	-34.6156742104108
5640	-34.1335712841198
5650	-34.9946485957702
5660	-33.6533527869998
5670	-34.1135545900227
5680	-35.298054557153
5690	-35.3916694948849
5700	-34.745382421236
5710	-34.6576899630337
5720	-33.7911917098223
5730	-35.689352481674
5740	-34.4481731838958
5750	-34.8112037612856
5760	-34.3794093077691
5770	-34.2451662317672
5780	-34.4495116143724
5790	-33.9573956152854
5800	-36.4496480213836
5810	-34.7123533319544
5820	-35.3265447924108
5830	-35.1394131850654
5840	-35.1026963344813
5850	-33.8970791358996
5860	-34.3595834748341
5870	-34.7236573618693
5880	-33.971392289617
5890	-35.2291430490573
5900	-34.5053602040085
5910	-35.4967517292919
5920	-33.8533973792597
5930	-33.9616042953044
5940	-34.8480255778906
5950	-34.9780605707377
5960	-34.8474441352939
5970	-35.0207710099587
5980	-35.4105846121623
5990	-35.2835020805822
6000	-35.7930302163948
6010	-35.6476077762126
6020	-35.1975194216169
6030	-34.6302110526785
6040	-34.5804523458805
6050	-35.5592061417609
6060	-35.655638455571
6070	-35.0124253270765
6080	-34.8376225274324
6090	-34.7302620157249
6100	-34.9486327291646
6110	-34.8045419340667
6120	-34.688118055229
6130	-35.2003365139889
6140	-34.4001227157931
6150	-34.5005439399983
6160	-34.4559895504931
6170	-35.4770085157973
6180	-35.143231162194
6190	-35.6994072100592
6200	-34.7689677091751
6210	-35.6248115083545
6220	-34.9075841184707
6230	-34.34
6240	-33.7400518869301
6250	-34.721282971166
6260	-34.8774603073199
6270	-35.1222354417271
6280	-34.8098528857229
6290	-34.6128196086395
6300	-34.5832600228045
6310	-35.2035748526176
6320	-34.9844728055963
6330	-35.797572718728
6340	-35.4514818079902
6350	-34.3596552610173
6360	-34.5287655018837
6370	-35.4466726206038
6380	-35.4184606383224
6390	-34.7224421795941
6400	-34.330842788096
6410	-35.6928017741303
6420	-34.9266934377565
6430	-34.7838438261478
6440	-34.5003611374441
6450	-35.5868288973433
6460	-34.6575026659747
6470	-34.392440775522
6480	-35.1616662830667
6490	-34.4247709721774
6500	-35.3433668287267
6510	-34.4817985008627
6520	-34.7291830509274
6530	-34.8694783818871
6540	-34.8981083026456
6550	-34.8783989902196
6560	-35.1356551607324
6570	-35.0237943977784
6580	-35.3541724221245
6590	-34.6883816805051
6600	-34.6076106100743
6610	-35.0815475342921
6620	-34.5143990148227
6630	-34.8057410537313
6640	-35.0090997425464
6650	-35.6430228132544
6660	-35.0614434490357
6670	-35.1206502101003
6680	-34.7474993354509
6690	-34.1741916984612
6700	-34.8513095479584
6710	-34.9288473374626
6720	-34.6039705065568
6730	-33.886993104005
6740	-34.4556235557693
6750	-35.0755771673622
6760	-35.4689400695885
6770	-34.1669675130477
6780	-33.9503912198118
6790	-34.7611754609473
6800	-34.52
6810	-34.7084733930623
6820	-34.7971408840314
6830	-35.3168550934234
6840	-34.8925245571171
6850	-34.871742343422
6860	-35.1479576129029
6870	-34.5655579566228
6880	-35.1834225559506
6890	-34.163933696369
6900	-34.5514669117859
6910	-34.0103563358489
6920	-35.251578370075
6930	-34.627597256607
6940	-33.748682895549
6950	-34.8767707420201
6960	-35.5200498862514
6970	-34.0493545889612
6980	-35.2654185066073
6990	-34.8670642129903
7000	-34.4215607122981
7010	-34.4685526681167
7020	-35.1494040221602
7030	-35.0509746100904
7040	-35.1550142870527
7050	-34.8297166635586
7060	-34.6556378966906
7070	-34.6248461768847
7080	-34.3893500681679
7090	-35.8597474365899
7100	-34.0825036296899
7110	-35.8442293526669
7120	-34.987414724349
7130	-34.389261023207
7140	-34.631575033608
7150	-34.3690516901197
7160	-34.5772327207686
7170	-35.2680257545041
7180	-34.8783900060761
7190	-34.746711709177
7200	-33.6160681848964
7210	-34.4220427777492
7220	-34.2019404082623
7230	-34.7408577137977
7240	-35.008007685566
7250	-33.8000928267231
7260	-34.3748980969623
7270	-33.5515500973477
7280	-34.4928116039086
7290	-34.0422111698796
7300	-34.7537175663769
7310	-34.9962037176939
7320	-35.2916230028459
7330	-34.692991509437
7340	-34.1147156183932
7350	-35.1799105985969
7360	-34.1003977459548
7370	-34.6533745673607
7380	-35.135362704928
7390	-34.3504413168906
7400	-34.6812190551641
7410	-33.9844232727146
7420	-34.782549300146
7430	-34.9240783503382
7440	-34.9854748120231
7450	-34.9304044651413
7460	-34.1018101554186
7470	-34.9846235343303
7480	-34.4744530495159
7490	-35.2553965033567
7500	-35.0734726828901
7510	-34.1021607847635
7520	-34.7735447475122
7530	-34.5539003719878
7540	-35.2281889451752
7550	-33.7870776614266
7560	-34.9379801389094
7570	-34.3814651390598
7580	-35.3772707616391
7590	-35.2053532945437
7600	-34.2546769337084
7610	-34.887510619384
7620	-34.3029668133444
7630	-34.6293022132012
7640	-35.6614177031022
7650	-34.5453441220511
7660	-34.9979740795271
7670	-34.4020765012782
7680	-34.4607688998398
7690	-35.0862523593057
7700	-34.4194952329486
7710	-34.04676430016
7720	-33.5623379253378
7730	-34.2529432596426
7740	-34.8243612804516
7750	-34.6459812767408
7760	-34.0223326394838
7770	-35.1249415453498
7780	-33.8932141196669
7790	-34.5089759077494
7800	-34.9380534639748
7810	-33.7439035410154
7820	-34.56
7830	-34.7739448439513
7840	-35.1616035337017
7850	-33.9091818921013
7860	-35.2800859856638
7870	-34.4647440305085
7880	-35.0115977968896
7890	-34.5200020881122
7900	-34.3047842682048
7910	-34.8814977412491
7920	-34.3180800278025
7930	-35.2619832952292
7940	-34.5991322907994
7950	-34.3500833980808
7960	-34.1559155693548
7970	-34.8889985127767
7980	-34.8242438986068
7990	-34.7369595758143
8000	-35.5092713009294
8010	-34.881659697878
8020	-35.0914131298501
8030	-34.8137452607808
8040	-35.6497301349815
8050	-35.4934220886911
8060	-34.4426887596719
8070	-35.0339576739301
8080	-34.6974918149315
8090	-35.8142216711266
8100	-35.6386845786303
8110	-36.180521803551
8120	-35.8259675307148
8130	-33.7305645890866
8140	-36.3909315919825
8150	-36.4117926635084
8160	-35.5899025423717
8170	-35.5481264859584
8180	-35.8130124927753
8190	-37.6644406603958
8200	-36.2978449485184
8210	-35.7922289138196
8220	-34.6066901326028
8230	-35.6613681355388
8240	-34.608636362868
8250	-34.5722286509204
8260	-34.656405948382
8270	-35.6240481798781
8280	-34.370182842765
8290	-35.200362255995
8300	-34.3500792203682
8310	-35.3587094172576
8320	-34.7412732811052
8330	-35.222742096205
8340	-33.9922159628227
8350	-34.6997341776523
8360	-35.049064686898
8370	-35.3155703170772
8380	-35.7018531180269
8390	-34.8433770711296
8400	-34.001236773193
8410	-34.5205152533955
8420	-35.8668452182095
8430	-34.7699405019929
8440	-34.7161970522134
8450	-33.8351601347139
8460	-34.8594902509129
8470	-35.700627449171
8480	-34.1266873595414
8490	-34.9926923391513
8500	-34.8801812460969
8510	-33.5948945809141
8520	-35.5216156802204
8530	-33.7269598279805
8540	-34.9608380759971
8550	-34.3955388455347
8560	-34.4655065678874
8570	-33.7637847923818
8580	-35.6704217837865
8590	-34.4977438739948
8600	-35.5563854611701
8610	-35.0642399991467
8620	-35.2811006076299
8630	-34.7418127040251
8640	-35.3624776454458
8650	-35.167110210279
8660	-34.234037755943
8670	-34.814534140691
8680	-35.5305656508033
8690	-34.0905158423822
8700	-34.2460052105402
8710	-35.2013883266334
8720	-34.7994587347566
8730	-34.202523443297
8740	-34.5575454161186
8750	-35.0223947672563
8760	-35.7948643918016
8770	-35.2785506224191
8780	-34.5824463341499
8790	-34.0205184474595
8800	-34.7918975502621
8810	-35.6637780294263
8820	-35.0679320804797
8830	-34.9825059246182
8840	-34.5679845544262
8850	-34.4408922317054
8860	-34.2216188554905
8870	-33.9653487818635
8880	-34.0828618597369
8890	-34.714024931269
8900	-33.4956214264787
8910	-34.3808481488294
8920	-34.4895847935457
8930	-34.7278124543112
8940	-33.3899185942011
8950	-35.2740925143977
8960	-35.2551657043053
8970	-34.51920890465
8980	-34.4045715235063
8990	-35.7267094097759
9000	-34.8383276425554
9010	-34.907511235148
9020	-34.4582939130519
9030	-34.330856391814
9040	-35.2647510721376
9050	-34.5070164285728
9060	-34.1025924784105
9070	-34.7482093138886
9080	-35.9363620235197
9090	-33.5185323997096
9100	-33.228011181774
9110	-34.2808999627545
9120	-34.6157785888359
9130	-34.8152590110782
9140	-34.0162038829073
9150	-34.3985842991662
9160	-34.726461651141
9170	-35.4717834276019
9180	-34.7435613594194
9190	-34.6066326752331
9200	-34.9349132413418
9210	-34.9352015476282
9220	-34.8353871265403
9230	-35.7812663433917
9240	-35.9301387211145
9250	-35.2222889332209
9260	-34.7473974876302
9270	-34.3905666101594
9280	-34.7120801303464
9290	-35.3139646419955
9300	-33.4217547271642
9310	-34.5863181858459
9320	-34.5988386655425
9330	-34.6244857369213
9340	-35.0711447920773
9350	-33.8627684620793
9360	-34.4764164163936
9370	-34.1168102853651
9380	-34.6577677245407
9390	-34.0361641101048
9400	-34.4217210967221
9410	-34.6186385638293
9420	-33.9900149277784
9430	-34.0528704412717
9440	-34.3516729647112
9450	-35.3036311101212
9460	-34.4240672408934
9470	-33.4664718752849
9480	-34.6909669546968
9490	-34.7931952179406
9500	-34.4471293403411
9510	-35.1456979334294
9520	-36.1665382259467
9530	-35.0287563675978
9540	-34.1088122158323
9550	-35.021872142248
9560	-33.8725485659674
9570	-34.5563944400112
9580	-34.9019493435722
9590	-34.3564797878376
9600	-34.6436058793633
9610	-34.8267230533595
9620	-34.83
9630	-35.2961963229397
9640	-33.8018909566064
9650	-33.5576199976901
9660	-34.1709229348161
9670	-35.1241909380037
9680	-34.5026472428746
9690	-34.6549705150098
9700	-34.5105658047025
9710	-34.769346941488
9720	-34.9365174335786
9730	-35.0810475862397
9740	-34.5775278655487
9750	-34.9495826566182
9760	-34.8194968432355
9770	-35.2120307348253
9780	-33.6548765417693
9790	-34.6139491714692
9800	-34.774359851995
9810	-35.0779911204829
9820	-34.6850444755135
9830	-34.6082047876022
9840	-34.624080952012
9850	-34.2005431302007
9860	-34.9941313571519
9870	-34.4806918619933
9880	-34.6197962027262
9890	-35.9630062156255
9900	-34.8978034779416
9910	-34.4213858357033
9920	-34.0071514492817
9930	-34.3715672062438
9940	-35.1502123400942
9950	-34.5695795989219
9960	-34.9895450797181
9970	-34.4850558878563
9980	-34.7729748107291
9990	-35.1491551182488
10000	-36.2988514780152
10010	-34.7656931264403
10020	-35.8588273639277
10030	-34.8916590090878
10040	-35.7794557250296
10050	-35.166715225227
10060	-35.1712573426164
10070	-34.8763206257764
10080	-35.0479971433928
10090	-35.2260218017194
10100	-35.83324018185
10110	-34.9453064080273
10120	-34.8541814806963
10130	-34.2262328572272
10140	-35.0504581728627
10150	-35.1064283374839
10160	-35.5129267555801
10170	-34.5713310424135
10180	-35.7094450749576
10190	-35.6628325595935
10200	-35.6140295040702
10210	-35.4041840769875
10220	-35.9386231585402
10230	-36.0188357761258
10240	-35.2430105256081
10250	-35.8647724629711
10260	-35.4892836200209
10270	-35.3564034636451
10280	-35.4509709327884
10290	-36.0079352854452
10300	-34.9973456657244
10310	-34.5200765306795
10320	-35.7749702941293
10330	-36.1514471667315
10340	-36.8572594919186
10350	-36.1664164403731
10360	-36.4049195702657
10370	-35.6027663780862
10380	-35.3514468205957
10390	-34.9708568798868
10400	-35.4480281611866
10410	-34.9906648128127
10420	-35.5241937152879
10430	-34.8974669055089
10440	-35.4226536076082
10450	-35.8065130935066
10460	-35.282757956274
10470	-35.9440948600882
10480	-35.3970861462052
10490	-36.1719888560602
10500	-35.4851169024185
10510	-35.5507371053422
10520	-36.9963671434647
10530	-35.8777144638189
10540	-36.4091114811551
10550	-35.4554965335258
10560	-34.859882522777
10570	-35.5921113680661
10580	-35.5995058308105
10590	-35.606762500364
10600	-36.269286524433
10610	-35.5849218747725
10620	-35.776222785629
10630	-36.4010946045838
10640	-36.2077349228544
10650	-34.893641486962
10660	-36.9226431334875
10670	-35.8987086781431
10680	-36.2241768208725
10690	-36.6194155154239
10700	-35.8059602180735
10710	-35.7099656428313
10720	-35.504333992034
10730	-35.5526357577533
10740	-36.6320262252778
10750	-35.9567076008463
10760	-35.9793012046635
10770	-35.5797686412128
10780	-37.2302351455173
10790	-37.0437511901223
10800	-36.6825669461103
10810	-36.5579657162261
10820	-36.4221012711647
10830	-36.9241776054954
10840	-36.2872334297394
10850	-35.9544330851954
10860	-36.4496849660228
10870	-36.9892684657513
10880	-36.0962632761978
10890	-36.5553778923728
10900	-36.9602070452075
10910	-36.3649569495396
10920	-36.5528154810908
10930	-37.2483691148146
10940	-35.5800083299358
10950	-35.6482013062665
10960	-36.5225465497356
10970	-36.315673488341
10980	-35.7849885790889
10990	-36.4495228970351
11000	-36.5158501880689
11010	-36.2553975282045
11020	-36.0772521491431
11030	-37.6783903742125
11040	-36.8400793200105
11050	-37.0343816757111
11060	-36.8182418891826
11070	-36.6556753527533
11080	-35.9801465140315
11090	-37.0988208807497
11100	-37.6587988865418
11110	-36.1422869263435
11120	-37.1016148041627
11130	-36.5821869920237
11140	-37.2302356199456
11150	-36.6205802080285
11160	-36.4484397066996
11170	-36.3714412822962
11180	-37.6504226035629
11190	-36.4058578024257
11200	-36.7970940774594
11210	-36.172387698765
11220	-35.7610112697447
11230	-35.6196999908626
11240	-37.1494414924311
11250	-35.9507149672548
11260	-37.6590306199832
11270	-36.5169082572409
11280	-36.876913604337
11290	-36.6667380075812
11300	-37.4732813003013
11310	-36.4899068874006
11320	-37.8508627264835
11330	-37.345935791786
11340	-38.1808603299959
11350	-38.3737217961931
11360	-38.1088136658618
11370	-36.767509158741
11380	-38.3520445587783
11390	-38.001396277974
11400	-37.1579638675207
11410	-37.9039649841193
11420	-37.9898326121444
11430	-36.5504353795291
11440	-36.9883963177436
11450	-36.6426812351717
11460	-37.0560158451713
11470	-37.6336308772173
11480	-37.3064874563193
11490	-35.5166093544421
11500	-35.9783439102724
11510	-36.3648179668782
11520	-37.1169766308985
11530	-35.9255594744141
11540	-37.0170282404064
11550	-36.5960798002827
11560	-37.267257294031
11570	-36.2140081763782
11580	-36.9659481910733
11590	-36.3962637832621
11600	-36.6559461747732
11610	-37.7492378267147
11620	-37.8657134791739
11630	-38.7698794813179
11640	-38.833282812151
11650	-40.8188881873725
11660	-40.8137020800421
11670	-40.6022284396977
11680	-39.6473313682718
11690	-39.2177378019092
11700	-39.1543806128882
11710	-39.7774060476529
11720	-40.150657782866
11730	-40.4620091780648
11740	-41.4245423489169
11750	-42.1739206492898
11760	-39.971018843559
11770	-38.996980223702
11780	-39.85391065643
11790	-40.9701257996048
11800	-41.8330974801827
11810	-40.1860534335768
11820	-39.1268720273284
11830	-40.4496937396889
11840	-41.295712989799
11850	-41.6861237620701
11860	-41.3568598643217
11870	-40.7172155493691
11880	-39.9912570751665
11890	-40.0713896499932
11900	-40.5987586995675
11910	-39.8877675430897
11920	-39.4747877086485
11930	-39.4429080503286
11940	-39.8132592301663
11950	-40.9535310058792
11960	-40.6924446000514
11970	-40.0820667769263
11980	-40.2612573197707
11990	-40.2826997454082
12000	-40.1334007513557
12010	-40.0488687456458
12020	-39.9616962727792
12030	-39.8356264572707
12040	-39.8943472408483
12050	-40.1143599503443
12060	-40.3499378766575
12070	-40.6820533379957
12080	-41.1835784667543
12090	-40.686361915172
12100	-39.8924408474822
12110	-40.4124887238336
12120	-41.0757492422088
12130	-40.4500473939796
12140	-39.8871148200368
12150	-40.3551326097393
12160	-40.9102200228729
12170	-41.4266315758298
12180	-40.7533824837897
12190	-38.5883956585722
12200	-39.1743289785999
12210	-41.3068960514869
12220	-41.2097995097302
12230	-41.0656743876001
12240	-40.8926706386292
12250	-40.2088344190116
12260	-39.4478582105298
12270	-40.6348665648467
12280	-41.7586585971172
12290	-40.9552090699131
12300	-40.0622000606844
12310	-40.8644188265004
12320	-41.3845506797929
12330	-41.2795556831181
12340	-40.954604912051
12350	-39.1512992059018
12360	-39.2481681838993
12370	-40.0811675485908
12380	-40.8107167322051
12390	-41.1129459205652
12400	-40.9928680160339
12410	-40.0908042503899
12420	-39.4347300762061
12430	-40.4009773236656
12440	-40.6572475360283
12450	-40.5057492042311
12460	-40.4848137893881
12470	-40.5902230462239
12480	-40.9728967842724
12490	-41.5757971295821
12500	-41.5631853020112
12510	-41.5172190339233
12520	-41.3635666213266
12530	-41.3136379966941
12540	-41.6457565324395
12550	-41.7959493153407
12560	-40.6524790112081
12570	-39.9605457052433
12580	-41.2848679004159
12590	-41.8422982419254
12600	-41.7510186430194
12610	-41.418249151705
12620	-40.7861403766386
12630	-41.0365982493623
12640	-41.4884920948168
12650	-41.7273682532253
12660	-41.9392544177696
12670	-42.2404646656994
12680	-42.2831775755425
12690	-42.2434783154698
12700	-41.9269837595577
12710	-41.2445524512005
12720	-40.359523752684
12730	-39.9786867679262
12740	-41.0642691712339
12750	-41.0154666271912
12760	-39.5069240108162
12770	-39.3423601555854
12780	-39.3234471904952
12790	-39.6731685390667
12800	-39.190256093738
12810	-38.5928359868507
12820	-39.1323217231877
12830	-39.3414376080734
12840	-39.0263393778035
12850	-37.2690743783922
12860	-37.952664201872
12870	-38.0685159182083
12880	-37.9737730860557
12890	-39.0045070897971
12900	-38.7228899103718
12910	-37.6638882094611
12920	-37.6172892050524
12930	-37.8455206549585
12940	-38.1322340154451
12950	-38.8446777584461
12960	-39.0297677444441
12970	-39.6077684328727
12980	-37.80275312262
12990	-38.0025896496138
13000	-39.0618545337912
13010	-38.8041909863474
13020	-38.9534971876598
13030	-39.6949004926457
13040	-39.2434883293424
13050	-39.35021777623
13060	-39.5894861587682
13070	-39.9901011611042
13080	-40.6613205133012
13090	-40.5354465932252
13100	-39.6859335372703
13110	-38.8931025366911
13120	-39.8506405783901
13130	-40.7801414849351
13140	-39.6709093991282
13150	-40.4723537930272
13160	-39.8088074216991
13170	-39.1897140855987
13180	-39.1303151298995
13190	-39.1431159362115
13200	-39.3435545329107
13210	-39.628863156293
13220	-39.2969097365382
13230	-38.2436613751303
13240	-38.3899497631726
13250	-39.5254437774478
13260	-39.5600620183838
13270	-38.3317927890475
13280	-37.8814265605178
13290	-37.3689348359426
13300	-37.4349885239817
13310	-38.4462448618583
13320	-38.2423046506364
13330	-37.8843959945726
13340	-37.7265259619499
13350	-37.7279623658993
13360	-38.3330123626876
13370	-37.769337049202
13380	-37.1398762697022
13390	-37.5875930596777
13400	-37.78906756507
13410	-38.4144194414142
13420	-37.6857582193511
13430	-38.24
13440	-37.5751372544599
13450	-37.1859963522037
13460	-35.9887433746843
13470	-36.1468897053046
13480	-37.6910414182253
13490	-37.229060936456
13500	-37.3236225394236
13510	-37.7896663624014
13520	-37.3581164584664
13530	-37.3367303515384
13540	-37.7906505152375
13550	-38.9281367703638
13560	-39.389940828969
13570	-39.0971155969408
13580	-38.0526972847294
13590	-37.5896307231816
13600	-37.7128049200972
13610	-37.8166272736119
13620	-37.3321772557325
13630	-37.3960882746857
13640	-36.9410745547086
13650	-37.9952125632381
13660	-37.6937093193504
13670	-37.6083050458981
13680	-36.3961476423631
13690	-36.8424678616801
13700	-37.4888362217194
13710	-37.4590822883268
13720	-37.9068559192922
13730	-37.2482942079229
13740	-37.9563612883516
13750	-37.9451088105631
13760	-37.2975038832359
13770	-37.7300477997832
13780	-37.9748700744446
13790	-37.9884839436898
13800	-37.4983644034715
13810	-36.9140231541369
13820	-37.7633109881223
13830	-38.1713181539019
13840	-37.2631418092535
13850	-36.9209509064043
13860	-37.2342137168944
13870	-37.006093677252
13880	-36.6586956187098
13890	-37.3733216308346
13900	-38.2230927025965
13910	-37.935854993261
13920	-37.6378417532957
13930	-39.2635161611479
13940	-39.0639125829817
13950	-39.6714940342183
13960	-40.0776645619317
13970	-39.2841984274386
13980	-39.3009076946681
13990	-39.3465928547322
14000	-39.181694149326
14010	-38.9166234149422
14020	-38.0505541734428
14030	-36.7932408296083
14040	-37.1824543260945
14050	-37.4496914067299
14060	-36.9847642936003
14070	-36.5351302686155
14080	-37.8273685633758
14090	-37.9788037708548
14100	-36.9197144824189
14110	-38.1187906165345
14120	-37.7458020141745
14130	-36.7550234011898
14140	-37.3170948716801
14150	-36.7426278764519
14160	-36.7814553537456
14170	-37.7499344992495
14180	-36.7321227025994
14190	-36.428320760042
14200	-36.2847150498728
14210	-36.4451871343531
14220	-36.3617239747783
14230	-36.0361893402421
14240	-35.6026852430173
14250	-36.5124290659754
14260	-34.8166443652364
14270	-35.4922725419348
14280	-35.6132178387154
14290	-36.1338693713391
14300	-36.5555021742982
14310	-36.2419102033086
14320	-36.6623331596952
14330	-35.764454755737
14340	-35.307792494043
14350	-36.056817103511
14360	-37.034475914366
14370	-35.9092054182816
14380	-35.7537065061072
14390	-35.5445923840192
14400	-35.722606025353
14410	-36.2959619836224
14420	-36.1965666000722
14430	-34.1856761300917
14440	-35.3086956619734
14450	-34.3457088962176
14460	-35.2930165407933
14470	-35.99
14480	-34.9032753184673
14490	-35.5140069949642
14500	-35.0123952765802
14510	-35.2302468351243
14520	-36.5446447108704
14530	-34.3928109706972
14540	-35.5550954634979
14550	-36.0537757887882
14560	-36.4865578638035
14570	-36.0700510951505
14580	-37.4035054273948
14590	-35.7909814158785
14600	-36.2796033221073
14610	-37.1701164990739
14620	-37.5020290203264
14630	-38.1596375525438
14640	-39.0391890658689
14650	-38.7286759577804
14660	-38.4252223623111
14670	-39.5832861456373
14680	-40.4853822333737
14690	-40.5570218965553
14700	-40.5791533395772
14710	-40.4554335875427
14720	-40.0861329310467
14730	-39.1916617074372
14740	-38.5904382912141
14750	-38.5407077740159
14760	-39.7234337066742
14770	-39.4017557773664
14780	-38.6883363431859
14790	-38.8587349959035
14800	-39.2834410716938
14810	-39.4266130502987
14820	-39.6112380912371
14830	-40.8091322646128
14840	-41.6576829951495
14850	-40.6800946668528
14860	-39.5289662480161
14870	-39.2085754442411
14880	-39.020189685508
14890	-39.090304854501
14900	-39.6087027543099
14910	-39.6371749663728
14920	-38.9235890758705
14930	-38.4210025515942
14940	-38.5832653958923
14950	-38.9402653201893
14960	-39.7257055727863
14970	-40.3783965246089
14980	-40.1225128910592
14990	-39.533996306827
15000	-39.4137429926513
15010	-39.5179851801647
15020	-39.726889923182
15030	-40.2656689312175
15040	-40.5999995507326
15050	-40.2738189659292
15060	-39.7596523911324
15070	-39.4530358498817
15080	-39.2015135006003
15090	-39.1349250445092
15100	-39.5885937757728
15110	-40.1761044194223
15120	-40.2297948419082
15130	-39.6997974396015
15140	-39.3392000054087
15150	-39.13210281603
15160	-39.0165299665678
15170	-39.133176936182
15180	-39.4300977880855
15190	-39.3257355637805
15200	-38.7479679652499
15210	-38.5428697519508
15220	-38.458237537518
15230	-38.4348533364519
15240	-39.0222177901059
15250	-39.6163240858109
15260	-39.8901169297235
15270	-40.0424582056586
15280	-39.6829390248152
15290	-38.8670017360358
15300	-38.8922489323765
15310	-39.3738664894982
15320	-39.6285235107376
15330	-39.4699725016741
15340	-39.2559371469399
15350	-39.268879391455
15360	-39.4978003639579
15370	-39.6762755516461
15380	-39.8288505537634
15390	-39.9
15400	-39.9
15410	-39.9
15420	-40.0103606444922
15430	-40.264004068364
15440	-40.0394199050815
15450	-38.9474585001317
15460	-38.8748650604072
15470	-40.097807055852
15480	-40.5144189017116
15490	-40.2512849343442
15500	-40.0111221437274
15510	-40.5138892886122
15520	-41.5764762450917
15530	-41.6316217899527
15540	-41.276141038937
15550	-40.8140228059472
15560	-40.3303003801235
15570	-39.7586487157246
15580	-39.2926878698656
15590	-38.882342767439
15600	-38.700853393195
15610	-38.8426197849338
15620	-39.1063392177988
15630	-39.3224776024095
15640	-39.5075700903383
15650	-39.6179227860667
15660	-39.3382309952618
15670	-38.7175727883684
15680	-38.5012714132153
15690	-40.2523285750997
15700	-41.9544677065753
15710	-41.2497823345466
15720	-39.8183097333823
15730	-39.5655761121763
15740	-39.837560387229
15750	-40.0974915818651
15760	-40.0324088027895
15770	-39.7033808685223
15780	-39.7235064153226
15790	-40.2266208713211
15800	-40.559920474144
15810	-40.2542037042135
15820	-39.8514393853365
15830	-40.0036857111332
15840	-40.3559101566584
15850	-40.2274120303466
15860	-39.7024800278998
15870	-39.39
15880	-39.8564906644775
15890	-40.3757293121969
15900	-40.2227523499254
15910	-39.9213137566224
15920	-39.787269882834
15930	-39.7227010463669
15940	-39.8299731655069
15950	-40.659017683789
15960	-41.1960619645329
15970	-41.5055224142473
15980	-41.6399701819748
15990	-41.0421846818243
16000	-40.4010540885533
16010	-40.615430258472
16020	-40.9727200232181
16030	-41.0044176423164
16040	-40.7210285922911
16050	-40.4811091246544
16060	-40.7652682409053
16070	-41.3706369419382
16080	-41.3979747068851
16090	-41.202741439644
16100	-40.9124186675045
16110	-40.173329964371
16120	-39.4615018846172
16130	-39.5276990577064
16140	-39.7367377840351
16150	-39.8484721263645
16160	-39.8805308105088
16170	-39.8689652830073
16180	-39.3946978409033
16190	-39.02
16200	-39.2230458767251
16210	-39.5765306670564
16220	-39.6685546029118
16230	-38.8330713597612
16240	-38.2637097624231
16250	-38.7204736144115
16260	-39.3951208833852
16270	-39.5782518026088
16280	-39.5564663649519
16290	-39.5137723691224
16300	-39.3489681152531
16310	-39.075158355385
16320	-39.2862929544495
16330	-39.9505092638867
16340	-40.0160967777358
16350	-39.1377800538316
16360	-38.8682830142324
16370	-39.7907025628955
16380	-40.6563421906509
16390	-40.4572679792068
16400	-39.989437581409
16410	-40.0858288452075
16420	-40.3280252046712
16430	-40.1025877226249
16440	-39.5287081513918
16450	-39.342801668531
16460	-39.6695619455577
16470	-39.8985895127727
16480	-39.2560378788969
16490	-38.4283486194203
16500	-38.5166379132285
16510	-39.0274276251324
16520	-39.4060648151564
16530	-38.9980594667579
16540	-38.1525002773517
16550	-38.2059377373177
16560	-38.8977771859568
16570	-39.5475396823667
16580	-40.0435924425166
16590	-40.1774051448702
16600	-39.7552877192782
16610	-39.4605008128008
16620	-39.7019047295235
16630	-39.8833044071911
16640	-39.5098029899899
16650	-39.19
16660	-39.7492061743442
16670	-40.6053686939332
16680	-40.7145992053579
16690	-40.5113432666533
16700	-40.4657364963236
16710	-40.7309506940823
16720	-40.9554380190629
16730	-40.0378408250623
16740	-38.281863408852
16750	-38.3090854494412
16760	-39.878169760412
16770	-40.3189357980018
16780	-40.2117534752708
16790	-39.9944870222122
16800	-38.9499335836895
16810	-38.3670330589572
16820	-39.3306674917379
16830	-40.4573598666029
16840	-40.4140694088269
16850	-39.891377100841
16860	-39.8179905920069
16870	-40.435249700218
16880	-40.9268504685022
16890	-41.07210034056
16900	-41.1624334799128
16910	-41.1371349792322
16920	-40.7513280886169
16930	-40.3365011647648
16940	-40.0130155391002
16950	-39.7308612873296
16960	-39.508736051115
16970	-39.3182954210562
16980	-39.3002480064851
16990	-39.9994502101027
17000	-40.4047539816575
17010	-40.1998406698101
17020	-39.8457516521277
17030	-39.2719690375683
17040	-38.7112408740421
17050	-38.7642163958833
17060	-39.0626182661714
17070	-39.6297940674425
17080	-40.6934680696516
17090	-40.8405173071167
17100	-40.5617969830183
17110	-40.3303671937497
17120	-40.1075655711709
17130	-40.01
17140	-40.01
17150	-39.9986279678427
17160	-39.2455010413844
17170	-38.3785839983434
17180	-38.8697479513909
17190	-40.3542984004263
17200	-40.9419923992529
17210	-41.0394015780606
17220	-41.0794807481162
17230	-40.7812739029563
17240	-40.1663470292794
17250	-39.9816270755402
17260	-40.2432442563297
17270	-40.4088539089097
17280	-40.2792418978756
17290	-40.0439656223849
17300	-39.8469519383899
17310	-39.6613524608715
17320	-39.6650522279593
17330	-40.467903781871
17340	-40.6616582841866
17350	-40.2836724029464
17360	-40.0202782649562
17370	-40.5752630147511
17380	-41.381838798131
17390	-41.4153132976521
17400	-41.2215503596334
17410	-40.9392691999356
17420	-40.2858944102448
17430	-39.5323047809896
17440	-39.1971876158236
17450	-39.0190853051214
17460	-38.8603524953199
17470	-38.6830082973147
17480	-38.5623804342039
17490	-38.6164660096956
17500	-38.847155248287
17510	-38.9393457921431
17520	-38.9517885540138
17530	-38.9723043121037
17540	-39.3360324604655
17550	-39.8379922042522
17560	-39.7651947203873
17570	-39.0467768463892
17580	-38.9604277460902
17590	-39.4758098388654
17600	-39.8098771341906
17610	-38.6604909100907
17620	-37.8202337419459
17630	-37.8294117901771
17640	-37.8505519737468
17650	-38.3584052075999
17660	-39.1920244452442
17670	-39.4842248453983
17680	-39.3564275514002
17690	-39.1235064960964
17700	-38.5591763542697
17710	-37.7602963907828
17720	-37.5667841494982
17730	-38.5009898445068
17740	-39.2699735312642
17750	-39.5756152564868
17760	-39.7272283627625
17770	-38.7474912457296
17780	-37.6806079851444
17790	-38.724995865479
17800	-39.509354452783
17810	-39.4445074211537
17820	-39.2886490601861
17830	-38.8604601770953
17840	-37.6517399257232
17850	-37.3856244388507
17860	-38.3824658068689
17870	-39.08
17880	-38.7151518723838
17890	-38.1818799201507
17900	-38.4063416843875
17910	-39.4927198356498
17920	-39.8494294653918
17930	-38.7473535734344
17940	-37.6486115547089
17950	-38.1256490176877
17960	-39.3794219575806
17970	-39.5673026103087
17980	-39.5513128282172
17990	-39.5229876276989
18000	-39.3675187904107
18010	-39.1511899061886
18020	-39.3596562784469
18030	-40.0571843008219
18040	-40.2965234855165
18050	-40.2506656609597
18060	-40.1896323762016
18070	-40.1526122681259
18080	-40.1075864254386
18090	-39.3414982018781
18100	-38.0394365828785
18110	-37.7860201598566
18120	-37.7810951864035
18130	-37.7902540156845
18140	-37.9726202661877
18150	-38.3046659737381
18160	-39.1019922661412
18170	-39.6659761783806
18180	-39.445735586586
18190	-39.1625786587522
18200	-39.4976261766556
18210	-40.1755006880785
18220	-40.4428647811969
18230	-39.8475085503134
18240	-39.0430916525246
18250	-38.2714980065304
18260	-37.9764571062236
18270	-38.8817596501124
18280	-39.9013663292336
18290	-39.8261356767949
18300	-39.2259699781342
18310	-38.9095835063702
18320	-38.7309400020964
18330	-38.5801712901577
18340	-38.403133870561
18350	-38.2213018824663
18360	-38.1222516623507
18370	-38.1255192262525
18380	-38.1436042209078
18390	-38.1898427896139
18400	-38.3105099094727
18410	-38.5
18420	-39.2106837533402
18430	-39.9456478653474
18440	-39.5217150892347
18450	-38.4867043221852
18460	-38.1188834563832
18470	-38.8652929899368
18480	-39.3787809653137
18490	-39.5154255405509
18500	-39.569952053674
18510	-39.2032593829447
18520	-38.566829024994
18530	-38.5014167373926
18540	-39.6163103539891
18550	-40.200429314353
18560	-39.526508162817
18570	-38.7393929304095
18580	-38.5119472476866
18590	-38.3758069859801
18600	-38.3630198426712
18610	-38.7453630487426
18620	-38.9507596492255
18630	-38.6967520128113
18640	-38.415002134175
18650	-38.4286615384578
18660	-38.5808263310765
18670	-38.812850566415
18680	-39.2091314283973
18690	-39.6042155744972
18700	-39.9980976174631
18710	-40.2545770671297
18720	-40.3475949843333
18730	-40.3896793447159
18740	-40.2652790968688
18750	-40.0253899630705
18760	-39.9860435926145
18770	-40.3243884023098
18780	-40.3442993404058
18790	-39.7904255498545
18800	-39.4939790652925
18810	-39.6911737350874
18820	-39.9259878139081
18830	-39.3500596565248
18840	-37.631365482067
18850	-37.4618620399016
18860	-38.3388568761291
18870	-39.0288711653557
18880	-38.9537887842994
18890	-38.7769202192338
18900	-38.8252450209584
18910	-39.0338784879254
18920	-39.1488400067284
18930	-38.7163119678989
18940	-38.2239070515866
18950	-38.7262370677237
18960	-39.7365245210772
18970	-39.9830218420537
18980	-40.0668667840187
18990	-40.0997756287775
19000	-38.9259149116853
19010	-37.281668477882
19020	-37.7576673806605
19030	-38.9417298077551
19040	-39.3701480492289
19050	-39.1907342782937
19060	-38.9530097906865
19070	-38.8254240972767
19080	-38.7416517242784
19090	-38.8229478067909
19100	-39.2588978167998
19110	-39.5838493037195
19120	-39.026855079811
19130	-38.1485180687123
19140	-38.5800897522653
19150	-39.7254142356251
19160	-40.2061225601192
19170	-40.0727752486412
19180	-39.8187114766025
19190	-39.2883308355594
19200	-38.5931160991465
19210	-38.6580305049633
19220	-39.1870668445284
19230	-39.4437895832051
19240	-39.122268225224
19250	-38.7972241275177
19260	-38.9365209903716
19270	-39.2548630810922
19280	-39.3482830282594
19290	-38.6485094923193
19300	-37.8940593471547
19310	-38.0628678608538
19320	-38.727285403262
19330	-38.8877496347507
19340	-38.5014141742438
19350	-38.1556002444724
19360	-38.9613258366736
19370	-40.5858885480211
19380	-40.540028418075
19390	-39.9517916954377
19400	-39.7497663090725
19410	-39.8711527539229
19420	-39.9442946914176
19430	-39.2919472891972
19440	-38.7303739296741
19450	-39.1618187739915
19460	-39.7928247610237
19470	-39.8610095617849
19480	-39.6455371924908
19490	-39.3362521200408
19500	-38.8064902922866
19510	-38.5210454401921
19520	-39.057154092938
19530	-39.7573756050819
19540	-39.7980837885287
19550	-39.713043810836
19560	-39.5663922668672
19570	-39.290484661447
19580	-39.0974757829487
19590	-39.1654267169304
19600	-39.4070733356734
19610	-39.932685801379
19620	-40.7998490349797
19630	-40.9970960825479
19640	-40.3268976033267
19650	-39.6382842203823
19660	-39.9103448984602
19670	-41.153883293714
19680	-41.7047984013315
19690	-40.8215713292952
19700	-39.5706752612777
19710	-39.1797711606863
19720	-40.0694945192453
19730	-40.6681305449517
19740	-40.4321241389173
19750	-40.0145918043026
19760	-39.6724208267581
19770	-39.3302328982066
19780	-39.1600219355127
19790	-39.5165564997787
19800	-39.9494944848156
19810	-39.7702818504986
19820	-39.3938243064624
19830	-39.3689006109048
19840	-39.7602830079778
19850	-40.20643685146
19860	-40.7478572205041
19870	-41.1625932927417
19880	-41.1839293462738
19890	-41.108433961726
19900	-40.8567744256134
19910	-40.2368508722544
19920	-40.0960201396931
19930	-40.1438837725156
19940	-40.2253781227471
19950	-40.3928016499379
19960	-40.6926127683122
19970	-40.7581939535802
19980	-40.6427038510475
19990	-40.4351161527268
20000	-39.9337718892933
20010	-38.9431432776273
20020	-38.6609584735579
20030	-39.6599933165089
20040	-40.3999953608015
20050	-40.322677305103
20060	-40.1896376559663
20070	-40.1411504430048
20080	-40.1636207348758
20090	-40.1782730152587
20100	-39.4890562225937
20110	-38.7251929336216
20120	-39.154386724942
20130	-40.1232400158793
20140	-40.6154533134632
20150	-40.8217659585303
20160	-40.8024154186416
20170	-40.4346630676891
20180	-40.1900054899615
20190	-40.5571226901183
20200	-40.9662364803801
20210	-40.7604553234217
20220	-40.3470575241145
20230	-40.1086403251736
20240	-39.928255319293
20250	-39.85
20260	-40.3501870927569
20270	-40.8252212911247
20280	-40.9225272687643
20290	-40.9885487741335
20300	-41.1171213133092
20310	-41.3762688788363
20320	-41.4931889553957
20330	-41.1212987855916
20340	-40.6040924564452
20350	-40.505893420124
20360	-40.810210342677
20370	-41.0848778660163
20380	-41.2841336013517
20390	-41.3975699558707
20400	-41.006811608104
20410	-40.0740184231709
20420	-39.5304320395129
20430	-40.0963663357104
20440	-40.6997457395585
20450	-40.5433856259774
20460	-40.210052296825
20470	-39.8968491988152
20480	-39.5347618310321
20490	-39.2923014285724
20500	-39.5930910141187
20510	-40.2476867105126
20520	-39.8946764655484
20530	-38.5706620340007
20540	-37.8004276342902
20550	-39.2774212778628
20560	-40.7299842600642
20570	-40.6839986320651
20580	-40.5702543940376
20590	-40.1883157817519
20600	-39.5491687280408
20610	-39.3741791135666
20620	-40.2444228369583
20630	-40.72315031056
20640	-40.5225601886398
20650	-40.233361023929
20660	-40.1111587913763
20670	-40.1861347103251
20680	-40.3010800282016
20690	-40.4135921191849
20700	-40.52226674696
20710	-40.4732058424574
20720	-39.7014489322671
20730	-38.9752457749484
20740	-39.1821896706063
20750	-39.9504771660388
20760	-40.6450158015574
20770	-41.3972039049428
20780	-41.9186254236942
20790	-41.7461285197323
20800	-41.0012184462347
20810	-40.7629443594499
20820	-40.90892501262
20830	-41.0752487197843
20840	-41.1059900944132
20850	-41.0708995975471
20860	-41.0059794503428
20870	-40.6231314778202
20880	-40.1662875478683
20890	-40.2449232748052
20900	-40.7014946264202
20910	-41.0734470072741
20920	-41.0351892340678
20930	-40.8505501088931
20940	-40.790752178294
20950	-40.9796503367637
20960	-41.2268404129445
20970	-41.3076758022388
20980	-41.2553350271516
20990	-41.1483860126621
21000	-40.9765451440724
21010	-40.4458349726214
21020	-39.9740544217002
21030	-40.1587710041955
21040	-40.8814141702484
21050	-41.4934943269928
21060	-41.4807277128557
21070	-41.1837543733673
21080	-41.0000183210263
21090	-41.0474631737176
21100	-41.12341596686
21110	-41.0727212941527
21120	-40.631270070124
21130	-40.1982515909413
21140	-40.2200555147712
21150	-40.5654869038557
21160	-40.8228180209606
21170	-40.913328276246
21180	-40.9900064306143
21190	-41.1972448886289
21200	-41.9827914401774
21210	-42.5384311263525
21220	-42.1157239627911
21230	-41.2815973095474
21240	-40.8603009671378
21250	-40.960928630796
21260	-41.141969111559
21270	-41.2573766101083
21280	-41.1139831654781
21290	-40.8351425043966
21300	-40.8520705833329
21310	-41.1742143375836
21320	-41.5675913577889
21330	-41.884556112877
21340	-42.2075098713386
21350	-42.36
21360	-42.2256442761462
21370	-41.9714868995212
21380	-41.8208925625296
21390	-41.8859711034588
21400	-42.006804743459
21410	-41.9311543973686
21420	-41.0284798999472
21430	-40.3705970968489
21440	-40.1376116724487
21450	-39.9713434857914
21460	-39.8932420297985
21470	-40.2900605527559
21480	-41.2387867719863
21490	-41.4570151524985
21500	-41.4312128599043
21510	-41.3827897439199
21520	-41.2876069754889
21530	-40.8791241899962
21540	-40.3915801695403
21550	-40.2141610326061
21560	-40.8481207169078
21570	-41.5457690094618
21580	-41.6657073450752
21590	-41.7189956548046
21600	-41.782857641791
21610	-41.9797265486266
21620	-42.3734510182711
21630	-42.6091938115102
21640	-42.333816250676
21650	-41.7626569108021
21660	-41.4045268786879
21670	-41.4
21680	-41.4
21690	-41.3470392522698
21700	-41.0319047608437
21710	-40.6740392252415
21720	-40.3576993934232
21730	-40.0423564049359
21740	-39.8816342775379
21750	-39.9119758933928
21760	-40.0017887687142
21770	-40.1232983067887
21780	-40.3490281438219
21790	-40.6296661107833
21800	-40.8751451774856
21810	-41.1320959512541
21820	-41.3439264087774
21830	-41.3639367067178
21840	-40.9080365328149
21850	-40.5088101227367
21860	-40.6158483356154
21870	-40.9435557755312
21880	-41.3141978730922
21890	-41.8106830606828
21900	-42.2752690830113
21910	-42.2267790739265
21920	-41.5463483389418
21930	-40.8286252470266
21940	-40.6521810428439
21950	-40.6753750640048
21960	-40.7110098804861
21970	-40.7471387684799
21980	-40.7926129216958
21990	-40.86
22000	-41.0742749570574
22010	-41.395087584489
22020	-41.586837873844
22030	-41.3937625469784
22040	-40.9569012590119
22050	-40.7187124642945
22060	-40.6316438372121
22070	-40.5702215126513
22080	-40.5102625969068
22090	-40.4321742069833
22100	-40.3547673833396
22110	-40.311582008802
22120	-40.4332206298819
22130	-40.7251744408718
22140	-40.8048206741185
22150	-40.6225259270283
22160	-40.4020690716721
22170	-40.34
22180	-40.34
22190	-40.34
22200	-40.3265759714379
22210	-40.2705830885801
22220	-40.2235606546616
22230	-40.4597823160608
22240	-41.2556165258242
22250	-41.8815041468722
22260	-41.7824305961318
22270	-41.4220480886687
22280	-41.3522370233878
22290	-41.8041714425417
22300	-42.3752541131212
22310	-42.5914566046395
22320	-42.225945231288
22330	-41.7189771462761
22340	-41.4131844342444
22350	-41.1463209605616
22360	-41.0044841508703
22370	-41.076082664718
22380	-41.2696323189345
22390	-41.38
22400	-41.1454292385097
22410	-40.7856686562185
22420	-40.7208199267785
22430	-40.726677945068
22440	-40.7372400397394
22450	-40.7684044898058
22460	-40.8368744096238
22470	-40.9166774292496
22480	-41.0317498977217
22490	-41.1145815131574
22500	-40.9451160192225
22510	-40.4377885728452
22520	-40.2034747449369
22530	-40.3748368445085
22540	-40.6488178086544
22550	-40.8498781452389
22560	-41.0226998625937
22570	-41.2463147546799
22580	-41.7567933792244
22590	-42.5468642847603
22600	-42.799549774895
22610	-42.4161590920907
22620	-41.7959960024089
22630	-41.258941440472
22640	-40.8032846792823
22650	-40.3735002738989
22660	-40.002342607438
22670	-39.6244123241517
22680	-39.4040008519664
22690	-39.7270829221021
22700	-40.4557493452065
22710	-40.8159751886283
22720	-40.8844073807239
22730	-40.9467761403465
22740	-41.1129492846072
22750	-41.34258029576
22760	-41.4340873267885
22770	-41.0541042974025
22780	-40.5228254834168
22790	-40.3938808610271
22800	-40.4244265009706
22810	-40.4494493133303
22820	-40.3514096706309
22830	-40.0667848126309
22840	-39.7315696885566
22850	-39.3882479489282
22860	-39.0018009115622
22870	-38.6550301436117
22880	-38.2937401295434
22890	-38.0927854653311
22900	-38.3984447645471
22910	-39.0546550433802
22920	-39.4197110363936
22930	-39.6309312642168
22940	-39.9601595021594
22950	-40.6441795824898
22960	-41.1706476342089
22970	-41.1072933924692
22980	-40.8629667359057
22990	-40.789214055762
23000	-41.1226777916278
23010	-41.4980687334566
23020	-41.5286168020241
23030	-41.4510554259269
23040	-41.4827824050876
23050	-41.8418047012185
23060	-42.0993440665426
23070	-41.8039575810651
23080	-41.267081469923
23090	-41.1160052523737
23100	-41.4385285384413
23110	-41.6595707985409
23120	-41.481981612763
23130	-41.129770461909
23140	-40.8186243068341
23150	-40.6454330784773
23160	-40.5076490408243
23170	-40.3407938829425
23180	-40.0613511336714
23190	-39.6161825996066
23200	-39.1093776675822
23210	-38.4758539220164
23220	-38.0225728729007
23230	-37.7965388108026
23240	-37.6902036377611
23250	-37.7233145811408
23260	-37.8178340837296
23270	-38.4537584412258
23280	-39.4394572649259
23290	-39.6778166630491
23300	-39.7549664485456
23310	-39.5980694080372
23320	-39.0541970396675
23330	-38.6325376848581
23340	-39.1526741816359
23350	-40.6064592894618
23360	-41.3063246834865
23370	-41.48777228621
23380	-41.6024065205995
23390	-41.6399521288631
23400	-41.6216440040403
23410	-41.5743366972633
23420	-41.5039614614031
23430	-41.3084896885228
23440	-40.8845902283892
23450	-40.613177661679
23460	-40.8748091334986
23470	-41.5110880301018
23480	-42.0475910694357
23490	-42.0938621696934
23500	-41.8928117769905
23510	-41.6678468024525
23520	-41.5933692091371
23530	-41.6820416491821
23540	-41.8224726558065
23550	-41.921954783946
23560	-41.8083770354386
23570	-41.3822599305806
23580	-41.0419602870922
23590	-41.1724247131269
23600	-41.7033930213179
23610	-42.282954354488
23620	-42.6250227249774
23630	-42.9078918308664
23640	-43.1372307043465
23650	-43.2611107557732
23660	-43.2539993437687
23670	-43.1798963112174
23680	-43.0615750343885
23690	-42.8530846825132
23700	-42.2952384294339
23710	-41.6507443314744
23720	-41.2655780155225
23730	-41.3299281081055
23740	-41.5828235757436
23750	-41.8607638327429
23760	-42.0083841808329
23770	-41.962990639473
23780	-41.8542676201862
23790	-41.7746351781499
23800	-42.0061691172954
23810	-42.8231501675367
23820	-43.7530536999808
23830	-44.2929962490175
23840	-44.1086648339985
23850	-43.5235114065026
23860	-42.9379762318017
23870	-42.6102043908454
23880	-42.3286032783181
23890	-42.1314780532618
23900	-42.082225661413
23910	-42.1241493471611
23920	-42.1925254261245
23930	-42.2521661454395
23940	-42.2684125721927
23950	-42.2364049825742
23960	-42.1890235477634
23970	-42.1605313504264
23980	-42.1653620694549
23990	-42.1844074941148
24000	-42.216249563761
24010	-42.2598622935736
24020	-42.3651673962659
24030	-42.6612417400184
24040	-43.0005834625695
24050	-43.2404323418563
24060	-43.4645186628185
24070	-43.6591507685148
24080	-43.775838869853
24090	-43.6530085508412
24100	-42.9027950220413
24110	-41.9221201696992
24120	-41.2005980230101
24130	-41.13256246181
24140	-41.3851338388783
24150	-41.6826186602628
24160	-41.8293400784404
24170	-41.9085663644596
24180	-41.969519957855
24190	-42.0045522512191
24200	-42.0097140283983
24210	-42.0071763881087
24220	-42.0022985406534
24230	-41.9491580159879
24240	-41.7337752700822
24250	-41.4595215028329
24260	-41.2478171047555
24270	-41.1579481806325
24280	-41.0964232380737
24290	-41.0462669093989
24300	-41.000084809475
24310	-40.9596552452024
24320	-40.9235577290693
24330	-40.8883689988038
24340	-40.8504022331375
24350	-40.8203768491488
24360	-40.8118647902498
24370	-40.9388937344691
24380	-41.1606845570782
24390	-41.3296032818739
24400	-41.3945406734797
24410	-41.4464694667452
24420	-41.4803838675333
24430	-41.489975783244
24440	-41.4889396567551
24450	-41.4863605018211
24460	-41.4822178200716
24470	-41.3356050856574
24480	-40.6595651317358
24490	-39.9369552217533
24500	-39.7204368826666
24510	-39.9298949916131
24520	-40.3051871281057
24530	-40.7096280388988
24540	-41.0074321088651
24550	-41.2370929451212
24560	-41.4397010177845
24570	-41.5462755327205
24580	-41.3687626933818
24590	-40.7987534616282
24600	-40.1513936379027
24610	-39.7527131146052
24620	-40.0803209390963
24630	-41.261164550043
24640	-42.4701588947466
24650	-42.87349431624
24660	-42.6881930398218
24670	-42.3632774159365
24680	-42.0555860204223
24690	-41.861117842974
24700	-41.7049667161795
24710	-41.5444832775904
24720	-41.339254192081
24730	-40.9618291352316
24740	-40.4771136863407
24750	-40.1021618665791
24760	-40.0231460525125
24770	-40.0606420845313
24780	-40.1353446094175
24790	-40.240772625794
24800	-40.3980192719768
24810	-40.9400544995442
24820	-41.6627853830774
24830	-42.1732616403846
24840	-42.1851218018145
24850	-41.9941642666704
24860	-41.8268931473815
24870	-41.8138017349191
24880	-41.8299231610508
24890	-41.8488687981718
24900	-41.8597385652737
24910	-41.6699279901224
24920	-41.1841155931774
24930	-40.8149873791523
24940	-40.7826900886069
24950	-40.7754058729385
24960	-40.7711971791645
24970	-40.7716595697285
24980	-40.9070277998947
24990	-41.1161280409585
25000	-41.184270256877
25010	-40.609453555693
25020	-39.7476925464525
25030	-39.3400845021931
25040	-39.3648872154022
25050	-39.427144790896
25060	-39.5171210223799
25070	-39.6273718097364
25080	-39.8726741165465
25090	-40.2000632207225
25100	-40.4411436525561
25110	-40.5823746477799
25120	-40.6940359393055
25130	-40.7986400371169
25140	-40.9186994511977
25150	-41.0714821343204
25160	-41.2429694542812
25170	-41.4085991926873
25180	-41.5438089008286
25190	-41.6509787729351
25200	-41.7520062379409
25210	-41.8224381759476
25220	-41.8253326775319
25230	-41.5863954517776
25240	-41.1963060302779
25250	-40.8397228892962
25260	-40.7017594031721
25270	-40.9475611901459
25280	-41.3864220543667
25290	-41.6989912609723
25300	-41.7342243211297
25310	-41.7484488007604
25320	-41.7570883646991
25330	-41.76
25340	-41.632029095355
25350	-41.3749379654596
25360	-41.1789589863732
25370	-41.2449387883162
25380	-41.5863879596609
25390	-41.9304850122085
25400	-41.9840258067607
25410	-41.5527844269712
25420	-40.8812607308534
25430	-40.2841251169514
25440	-40.0732468181395
25450	-40.2661053829822
25460	-40.6334069204396
25470	-41.0022901011043
25480	-41.2663008985514
25490	-41.5360888057749
25500	-41.7751061808541
25510	-41.9298477403046
25520	-41.9284141225453
25530	-41.6240609665554
25540	-41.1777355528756
25550	-40.8146655450102
25560	-40.7889719999711
25570	-41.4088330111264
25580	-42.2239751722331
25590	-42.63
25600	-42.562865709099
25610	-42.412075792953
25620	-42.2535496863972
25630	-42.1632068242671
25640	-42.2254158475119
25650	-42.4184960404589
25660	-42.6060672171971
25670	-42.657456534151
25680	-42.6166292732021
25690	-42.5505378428801
25700	-42.4912047659978
25710	-42.4752571532997
25720	-42.7531748957654
25730	-43.2178997733202
25740	-43.5401401676157
25750	-43.2881393982884
25760	-42.382359875095
25770	-41.5141419032137
25780	-41.3399118412539
25790	-41.6388697354511
25800	-42.0841220972576
25810	-42.4577255857285
25820	-42.5479696137672
25830	-42.346118749447
25840	-42.001683956138
25850	-41.6537103328622
25860	-41.3942229483824
25870	-41.1243389164868
25880	-40.8880340514332
25890	-40.7517678914684
25900	-40.8178908159382
25910	-41.1620469482328
25920	-41.6036499847764
25930	-41.945159069601
25940	-41.9876570465551
25950	-41.6803577562885
25960	-41.3018129207794
25970	-41.16067252432
25980	-41.1864341579758
25990	-41.2388549220903
26000	-41.3032454287105
26010	-41.394170906781
26020	-41.5257721174138
26030	-41.5996479614172
26040	-41.5532574067484
26050	-41.4237800548396
26060	-41.2498487946248
26070	-41.07
26080	-40.8194275679289
26090	-40.5405380270727
26100	-40.4374567132074
26110	-40.8918650222592
26120	-41.5160865022799
26130	-41.6520212544392
26140	-41.5771907916968
26150	-41.4404318675607
26160	-41.2232965218837
26170	-40.5796064564127
26180	-40.0728760029637
26190	-40.1419779342658
26200	-40.3607574672829
26210	-40.5596821739891
26220	-40.6344433496727
26230	-40.6725947635084
26240	-40.7159623410975
26250	-40.8325994206319
26260	-41.2239407424786
26270	-41.5952777161394
26280	-41.6059277196222
26290	-41.3571417156688
26300	-41.0149611419773
26310	-40.7169434054641
26320	-40.3943463201869
26330	-40.1108303404314
26340	-40.0237884543566
26350	-40.1408207292714
26360	-40.3793888560595
26370	-40.6822889493728
26380	-41.1065832161227
26390	-41.8193876282362
26400	-42.3577963417333
26410	-42.3613053398143
26420	-42.1539606267644
26430	-41.91
26440	-41.6531393982605
26450	-41.3667396861135
26460	-41.130560044737
26470	-40.97481427681
26480	-40.8366266992427
26490	-40.7426943103061
26500	-40.743418270894
26510	-41.0957837508411
26520	-41.6346045940779
26530	-42.052477679197
26540	-42.0855448602221
26550	-41.8662523878668
26560	-41.5798029200421
26570	-41.3862274241479
26580	-41.382060711816
26590	-41.4275485754404
26600	-41.4710810721273
26610	-41.4219480839449
26620	-40.9777565296168
26630	-40.4062252801365
26640	-40.084043272502
26650	-40.1286090531351
26660	-40.2789261983635
26670	-40.4971427752062
26680	-41.0198509908885
26690	-41.9698850990873
26700	-42.6825549695963
26710	-42.6005743030461
26720	-41.9970625267497
26730	-41.3642666939589
26740	-41.1479171828502
26750	-41.1138954985603
26760	-41.0941895534962
26770	-41.0932514123721
26780	-41.1403830237112
26790	-41.2176406484417
26800	-41.2914856154229
26810	-41.3426488671374
26820	-41.3910521597396
26830	-41.4188039809042
26840	-41.3990185305778
26850	-41.3209562720163
26860	-41.2061668234085
26870	-41.0730213319315
26880	-40.812893440928
26890	-40.4950005054902
26900	-40.2924620142523
26910	-40.7448194080501
26920	-42.09913173828
26930	-42.7629482235747
26940	-42.1822577821952
26950	-41.1295022463063
26960	-40.2568853938985
26970	-40.1042457648835
26980	-40.2256058479275
26990	-40.4337756816285
27000	-40.705150411173
27010	-41.3335071278123
27020	-41.9790464838783
27030	-42.1245319988541
27040	-42.0651315958861
27050	-41.9520542808317
27060	-41.7998830333494
27070	-41.3509062446913
27080	-40.6715496395523
27090	-40.2595497364468
27100	-40.1156949842451
27110	-40.0043426232861
27120	-39.9332330920028
27130	-39.9106313550156
27140	-40.053150402326
27150	-40.2930617043994
27160	-40.4098582816019
27170	-40.3686522309607
27180	-40.2869214629293
27190	-40.2124151437504
27200	-40.2162682982163
27210	-40.7242934067063
27220	-41.4790880456647
27230	-41.95
27240	-42.0872065061112
27250	-42.1830176786735
27260	-42.2199806200103
27270	-41.911004350178
27280	-41.2300146678867
27290	-40.5981746409325
27300	-40.4293440630235
27310	-40.7814329273289
27320	-41.3026680616712
27330	-41.647233802257
27340	-41.8789787800034
27350	-42.0474751052793
27360	-42.0875311478669
27370	-42.0431776181686
27380	-41.9509144864116
27390	-41.8207739968118
27400	-41.471771350842
27410	-40.6763150101808
27420	-39.9480811469153
27430	-39.8018399518045
27440	-40.1442765781191
27450	-40.6187238081386
27460	-40.9181088256152
27470	-40.6203114730017
27480	-39.7205482861715
27490	-38.8134105475401
27500	-37.7412676627098
27510	-37.282159573203
27520	-38.0418476756518
27530	-38.8517846727651
27540	-38.7457002444548
27550	-38.4397454212006
27560	-38.0130653055642
27570	-37.8004097443594
27580	-37.8275230168532
27590	-38.0933490253063
27600	-38.8870255430696
27610	-38.6533912061155
27620	-38.3808949293191
27630	-38.3955016901521
27640	-38.4044165566263
27650	-37.8553528496446
27660	-37.3194399154738
27670	-37.1922131992298
27680	-36.9480644567625
27690	-36.6212392130646
27700	-36.7498321162899
27710	-37.276749795815
27720	-39.5504609901681
27730	-40.2668436698007
27740	-40.6317604264723
27750	-40.8253361346993
27760	-40.940144278979
27770	-41.0214909382473
27780	-41.0964288848296
27790	-41.1903631003216
27800	-41.2986191446812
27810	-41.3934041571927
27820	-41.4464500057504
27830	-41.3018278293307
27840	-40.7685829573717
27850	-40.2363285603968
27860	-40.1252058706729
27870	-40.584708387475
27880	-41.2187442708255
27890	-41.5680756137427
27900	-41.5205501352124
27910	-41.4005802938005
27920	-41.280300003347
27930	-41.2311455991602
27940	-41.4989130070351
27950	-41.9941672042462
27960	-42.3648432069103
27970	-42.3477409489475
27980	-42.1238445628715
27990	-41.8500482242592
28000	-41.6667767327062
28010	-41.7295774772901
28020	-42.0789143417896
28030	-42.5268214190186
28040	-42.873500973638
28050	-42.8772013616165
28060	-42.1478021414257
28070	-41.1397553166094
28080	-40.4846284407158
28090	-40.5614673
28100	-40.9547119844478
28110	-41.4402838664913
28120	-41.8139192346356
28130	-41.8915542310582
28140	-41.7988942864714
28150	-41.6709721454116
28160	-41.5923798589116
28170	-41.5956918628373
28180	-41.6116466356723
28190	-41.6264917438012
28200	-41.6044479611485
28210	-41.3408585575873
28220	-40.9437165626516
28230	-40.6034441498275
28240	-40.5030489717773
28250	-40.5774908401642
28260	-40.7155188979942
28270	-40.8688255432138
28280	-41.0244830384969
28290	-41.2097297011249
28300	-41.4023303387758
28310	-41.5790595528292
28320	-41.7500191408219
28330	-41.9255517577602
28340	-42.0474669079423
28350	-42.0745000849417
28360	-42.0819619309728
28370	-42.0870084970695
28380	-42.089615172842
28390	-42.0871797632297
28400	-42.0617697793086
28410	-42.014118885812
28420	-41.9493279412924
28430	-41.75342027583
28440	-41.3754613028633
28450	-41.0504635940604
28460	-40.9982515934524
28470	-41.1590393761265
28480	-41.3679700059979
28490	-41.4795748406818
28500	-41.4782728454082
28510	-41.472555480753
28520	-41.4626822063852
28530	-40.868387900895
28540	-39.3485315753933
28550	-38.5658778498304
28560	-38.5305093665408
28570	-38.5123105033628
28580	-38.7114972742121
28590	-39.5984435322459
28600	-39.5644099278606
28610	-38.2679143417644
28620	-37.6118834694174
28630	-37.6923813198397
28640	-37.8611595790857
28650	-38.2205737452744
28660	-38.3545234362746
28670	-38.058298955
28680	-37.8300281401043
28690	-38.5716883206668
28700	-38.7463169835378
28710	-37.8400236537467
28720	-37.415040395353
28730	-37.4015145325634
28740	-37.6074327641374
28750	-38.1654351655499
28760	-38.3078777740303
28770	-38.3581008020834
28780	-38.0342874109029
28790	-37.7177264330752
28800	-37.4944641028755
28810	-37.6833219725764
28820	-38.4574163587514
28830	-39.3812972129041
28840	-40.39060137586
28850	-40.9655896259456
28860	-41.3952775625365
28870	-41.7067546109318
28880	-41.8299377945703
28890	-41.7648914704658
28900	-41.6275479095794
28910	-41.5158299654163
28920	-41.5194224854249
28930	-41.6302056998793
28940	-41.7834193086445
28950	-41.9144123985546
28960	-41.9561682671627
28970	-41.7544959446085
28980	-41.3859187135677
28990	-41.04515512703
29000	-40.8787381005213
29010	-40.7548203958048
29020	-40.6582960589066
29030	-40.6053517993924
29040	-40.6546825469556
29050	-40.9381826477657
29060	-41.3439160559678
29070	-41.735446442293
29080	-41.9763374774724
29090	-41.9681652867977
29100	-41.8111189356831
29110	-41.5836179690332
29120	-41.3544120257755
29130	-41.1922507448377
29140	-41.1280769490509
29150	-41.0918531917675
29160	-41.0598827517666
29170	-41.0118750521282
29180	-40.8768949234593
29190	-40.5574672029933
29200	-40.1862626465194
29210	-39.9097132405291
29220	-39.8947369324977
29230	-40.371259094786
29240	-41.1446120705622
29250	-41.9333862907251
29260	-42.4561721861737
29270	-42.5074318196905
29280	-42.3608032419029
29290	-42.1312693143251
29300	-41.8818319362602
29310	-41.6754930070112
29320	-41.5294895672889
29330	-41.3841962822872
29340	-41.2674767553398
29350	-41.2112499701308
29360	-41.3846370725754
29370	-41.9015339962385
29380	-42.5055299126267
29390	-42.9338431269893
29400	-42.962296620919
29410	-42.7051926186196
29420	-42.3077808072845
29430	-41.8924084218595
29440	-41.5814226972901
29450	-41.4900278037992
29460	-41.4909520622065
29470	-41.4932238800479
29480	-41.4968957593904
29490	-41.5020202023009
29500	-41.5086497108465
29510	-41.600564131115
29520	-41.855609320134
29530	-42.1284515801891
29540	-42.2689689047695
29550	-42.0921824650533
29560	-41.6123301943459
29570	-41.0256923342663
29580	-40.529253923317
29590	-40.32
29600	-40.6590501868066
29610	-41.4340998605066
29620	-42.2819976910205
29630	-42.8395923482688
29640	-42.8598033602579
29650	-42.6628560297307
29660	-42.40399270124
29670	-42.1992043788388
29680	-42.1538507338799
29690	-42.2051355650691
29700	-42.2992199715344
29710	-42.4145047497697
29720	-42.529390696269
29730	-42.6319195586689
29740	-42.7565711678826
29750	-42.8865078876184
29760	-42.9949818613203
29770	-43.0552452324322
29780	-42.923761963295
29790	-42.3620762614935
29800	-41.6974256853524
29810	-41.2964289791821
29820	-41.3475030746061
29830	-41.5851795669882
29840	-41.912098103781
29850	-42.24131085986
29860	-42.5379474156979
29870	-42.8965595171604
29880	-43.2543919764697
29890	-43.5342699913488
29900	-43.6590187595209
29910	-43.3898372348834
29920	-42.6850109297838
29930	-41.8988585153
29940	-41.3879170777286
29950	-41.414283995991
29960	-41.7463156559506
29970	-42.1711356162882
29980	-42.4948897030186
29990	-42.5234402807213
30000	-42.1895542319619
30010	-41.6668638334948
30020	-41.1524405844148
30030	-40.8433559838164
30040	-40.8917414655433
30050	-41.1823901436309
30060	-41.5434819759225
30070	-41.8071352793771
30080	-41.8364612610086
30090	-41.7450803599156
30100	-41.6179903872219
30110	-41.515272223891
30120	-41.4945789537979
30130	-41.5589749676085
30140	-41.6818482295266
30150	-41.840672036401
30160	-42.0129196850807
30170	-42.1900996318523
30180	-42.4516644809621
30190	-42.7567387561213
30200	-43.0351470375046
30210	-43.2167139052869
30220	-43.2343920721041
30230	-43.0918466343605
30240	-42.8574999728238
30250	-42.6015610137047
30260	-42.3886463895139
30270	-42.1704041961334
30280	-41.9526518274205
30290	-41.7833800053884
30300	-41.7043867252834
30310	-41.6590446348159
30320	-41.6223891894038
30330	-41.5961347186414
30340	-41.5819955521232
30350	-41.5953400986246
30360	-41.7045230152125
30370	-41.8637965444217
30380	-42.0075068260761
30390	-42.07
30400	-42.0072331888342
30410	-41.8535684529231
30420	-41.6609593386461
30430	-41.4813593923824
30440	-41.3667221605115
30450	-41.3932003014986
30460	-41.6724049285033
30470	-42.0631258627432
30480	-42.3906958519115
30490	-42.487591982204
30500	-42.4249133524907
30510	-42.3003498531901
30520	-42.144881818453
30530	-41.9763087400909
30540	-41.7420463487018
30550	-41.4748395562763
30560	-41.2253484994111
30570	-40.9707616756362
30580	-40.7062013520023
30590	-40.4853268468639
30600	-40.3617974785753
30610	-40.3136427420587
30620	-40.2755814971494
30630	-40.2501764448609
30640	-40.2400691045921
30650	-40.3029105648418
30660	-40.4363726204035
30670	-40.51
30680	-40.2267103990116
30690	-39.7825480474002
30700	-39.763956611859
30710	-40.2840634035363
30720	-41.0086080074765
30730	-41.5864513631779
30740	-41.9525721660421
30750	-42.2751215031662
30760	-42.4511026017537
30770	-42.3014305610496
30780	-41.7644434509963
30790	-41.1770754985948
30800	-40.890290426229
30810	-40.9998902774897
30820	-41.2677121397598
30830	-41.5770402394385
30840	-41.8118036294761
30850	-41.9847162894012
30860	-42.1399389336845
30870	-42.2474865505496
30880	-42.2940339053963
30890	-42.3271851567517
30900	-42.3500984753461
30910	-42.3598510413691
30920	-42.3539310749402
30930	-42.333705027196
30940	-42.3024712683586
30950	-42.2635370806198
30960	-42.2169031387805
30970	-42.1414547364502
30980	-42.0357534146958
30990	-41.903348519754
31000	-41.7418233096105
31010	-41.4066563396355
31020	-41.008826873654
31030	-40.7841998797842
31040	-40.983570345165
31050	-41.5209550312426
31060	-42.0332612969629
31070	-42.1941482459496
31080	-42.2287682090495
31090	-42.2532149820168
31100	-42.2669829616347
31110	-42.2597162583083
31120	-42.079581239988
31130	-41.7672184987444
31140	-41.4435242268406
31150	-41.2075470366938
31160	-40.9761076808031
31170	-40.7565197787034
31180	-40.590626241118
31190	-40.5202699787705
31200	-40.782613599449
31210	-41.425220062422
31220	-42.1037375622761
31230	-42.4727015787498
31240	-42.3785369208382
31250	-42.1012453418647
31260	-41.8176617739629
31270	-41.7008260154072
31280	-41.8473786518401
31290	-42.1324122007132
31300	-42.3915381144955
31310	-42.4590977717919
31320	-42.2285651842167
31330	-41.830546240214
31340	-41.4405939573694
31350	-41.2342613532683
31360	-41.2554647049595
31370	-41.3361947606054
31380	-41.4476642737815
31390	-41.5644535138181
31400	-41.6645941341769
31410	-41.7659361515942
31420	-41.8684909592304
31430	-41.9626869397617
31440	-42.040201268681
31450	-42.1047627945927
31460	-42.1647595977224
31470	-42.2283307107525
31480	-42.3089557614283
31490	-42.4141308034903
31500	-42.5187066357559
31510	-42.595903618842
31520	-42.6188802762015
31530	-42.5733125534055
31540	-42.4908776486483
31550	-42.4127449443546
31560	-42.3802190869371
31570	-42.4781052675156
31580	-42.6653515227224
31590	-42.8118849637245
31600	-42.7721245947884
31610	-42.4757026260244
31620	-42.0821839677634
31630	-41.7680939952424
31640	-41.6882069413721
31650	-41.6838223591019
31660	-41.681041495808
31670	-41.6800037954711
31680	-41.738364818228
31690	-41.8703652835061
31700	-41.9816793614759
31710	-41.9341049934299
31720	-41.5127397024617
31730	-40.9384629748543
31740	-40.4911017602632
31750	-40.4440584899765
31760	-40.8407580678164
31770	-41.4369724515828
31780	-41.9703375069783
31790	-42.178836654261
31800	-41.9726881368781
31810	-41.5823757879279
31820	-41.2544705426993
31830	-41.2078527406049
31840	-41.3455146967258
31850	-41.5240686547652
31860	-41.62798416715
31870	-41.5309007998093
31880	-41.2458009098789
31890	-40.911012941298
31900	-40.666012202559
31910	-40.6212289476036
31920	-40.6308210905842
31930	-40.6431440053634
31940	-40.6499413902071
31950	-40.6493621423998
31960	-40.6472268546952
31970	-40.6436515812498
31980	-40.6333831077073
31990	-40.5152272195611
32000	-40.3290030230749
32010	-40.1791328911572
32020	-40.1988075612482
32030	-40.5256651428014
32040	-40.7683596527289
32050	-40.7349312426979
32060	-40.6367204752504
32070	-40.462673522995
32080	-40.0390576447156
32090	-39.5510664631941
32100	-39.1927311025791
32110	-38.8569042708649
32120	-38.6462042585731
32130	-38.7344490287472
32140	-39.0366408302164
32150	-39.1167894666477
32160	-39.0875659162041
32170	-39.0425110072107
32180	-38.956901838914
32190	-38.8444077521192
32200	-38.7505925724273
32210	-38.6797021729185
32220	-38.6206933408464
32230	-38.5698438193523
32240	-38.5281164403873
32250	-38.5557798470297
32260	-38.7867686774189
32270	-38.9427926057923
32280	-38.9697088450615
32290	-38.98
32300	-38.7208900992586
32310	-38.4160330353155
32320	-38.5340981843417
32330	-38.7858272733412
32340	-38.8466220867904
32350	-38.7171588900164
32360	-38.5944852442338
32370	-38.5251810346616
32380	-38.5008670770541
32390	-38.5206506023072
32400	-38.4944920822236
32410	-38.0661348875111
32420	-37.7714289460029
32430	-38.4645323264322
32440	-39.3868724591189
32450	-40.1954557553104
32460	-40.8226952780168
32470	-41.1732306522501
32480	-41.472885452598
32490	-41.6975596529123
32500	-41.8177613642215
32510	-41.7678130832324
32520	-41.4570646977265
32530	-41.0603221013957
32540	-40.7771772887274
32550	-40.7493309755352
32560	-40.8061238035565
32570	-40.8986340611011
32580	-41.0084222080769
32590	-41.1904727792097
32600	-41.4745574400518
32610	-41.7433559102102
32620	-41.8783980366408
32630	-41.8338611692652
32640	-41.7022940664425
32650	-41.5358560938497
32660	-41.385926166722
32670	-41.3038832002945
32680	-41.3356929872758
32690	-41.4562685199003
32700	-41.5939595450001
32710	-41.6764419870405
32720	-41.6701297163722
32730	-41.6342325691329
32740	-41.5830681632648
32750	-41.5283446648021
32760	-41.463380448241
32770	-41.3732379601304
32780	-41.2804546274493
32790	-41.2082928469149
32800	-41.180071071153
32810	-41.3202760574058
32820	-41.6330209905336
32830	-41.9765834615051
32840	-42.2092410612894
32850	-42.2355366432202
32860	-42.2083187853872
32870	-42.1656132648
32880	-42.1181993037054
32890	-42.0733608548968
32900	-42.023224323148
32910	-41.9679903035526
32920	-41.9092612345187
32930	-41.8486395544541
32940	-41.7788474639924
32950	-41.690142757179
32960	-41.6129772159237
32970	-41.58
32980	-41.8341482779135
32990	-42.4043314570777
33000	-43.0021570556287
33010	-43.3392325917022
33020	-43.3155663872755
33030	-43.1962466505423
33040	-43.0239940333641
33050	-42.8329074147261
33060	-42.6570856736138
33070	-42.5141336728151
33080	-42.3810585852361
33090	-42.2452595197557
33100	-42.0946644222533
33110	-41.9172012386084
33120	-41.6553578183075
33130	-41.2518185359436
33140	-40.8481062464022
33150	-40.5951791262633
33160	-40.6084457080116
33170	-40.7971997312269
33180	-41.066716489439
33190	-41.3302971251623
33200	-41.5319315212848
33210	-41.7463926275792
33220	-41.9545439051961
33230	-42.1215432944325
33240	-42.2125487355857
33250	-42.1437879861746
33260	-41.8075779977162
33270	-41.3666756088878
33280	-41.0030279875205
33290	-40.8928720948049
33300	-40.9698770064793
33310	-41.0874860255651
33320	-41.1586872428982
33330	-41.062043962035
33340	-40.7826009010166
33350	-40.4547554497553
33360	-40.0451424630936
33370	-39.655472670495
33380	-39.5809319486764
33390	-39.5556668329033
33400	-39.4700669651311
33410	-39.2954807052636
33420	-39.2111129830614
33430	-39.3287402404808
33440	-39.4900305263428
33450	-39.453641430211
33460	-39.0974080237306
33470	-38.7592341828109
33480	-38.4503516836882
33490	-38.5373843034888
33500	-39.0079863208092
33510	-39.1906430226466
33520	-39.0444182177247
33530	-38.9817670611267
33540	-39.1946047968815
33550	-39.3941363169828
33560	-39.3163407315335
33570	-39.0754176799399
33580	-38.8093146807115
33590	-38.5046542940138
33600	-38.1387541987667
33610	-37.5817571586119
33620	-37.385400733967
33630	-37.4698265026309
33640	-37.629019925318
33650	-38.0671600007908
33660	-38.6745257259166
33670	-39.3464567848122
33680	-40.0928979827123
33690	-40.6734149578705
33700	-41.2002809705069
33710	-41.6261973948133
33720	-41.7999955827788
33730	-41.7134012832533
33740	-41.5200485549027
33750	-41.3155690802864
33760	-41.1955945419636
33770	-41.2152763313939
33780	-41.3020477405181
33790	-41.4080264766926
33800	-41.4958774828792
33810	-41.5927308071997
33820	-41.6890751188775
33830	-41.7623373778977
33840	-41.7899032342793
33850	-41.7331080963553
33860	-41.5980397368465
33870	-41.4233697903937
33880	-41.2477698916374
33890	-41.0756713751731
33900	-40.8582224598095
33910	-40.6548138161372
33920	-40.5318341529646
33930	-40.5817950894513
33940	-40.8579430073302
33950	-41.1837845568281
33960	-41.3667460831534
33970	-41.2488686576972
33980	-40.8987682937746
33990	-40.4757852887216
34000	-40.1394875486803
34010	-40.0448428234484
34020	-40.1703212146628
34030	-40.4176011198826
34040	-40.7220634713019
34050	-41.0190892011149
34060	-41.2457255814939
34070	-41.4511862194927
34080	-41.6500460101861
34090	-41.7917127719934
34100	-41.8284735154242
34110	-41.7936215160917
34120	-41.7237754794261
34130	-41.6336154466346
34140	-41.5367311923502
34150	-41.378092499115
34160	-41.1651963226341
34170	-40.9611926343267
34180	-40.8292314056122
34190	-40.8269362958728
34200	-40.9343292220477
34210	-41.0808170714442
34220	-41.1956782029234
34230	-41.2181248700894
34240	-41.1999389292708
34250	-41.1716184225972
34260	-41.1446038488607
34270	-41.1303357068534
34280	-41.182567033358
34290	-41.3432243058666
34300	-41.5434986133061
34310	-41.7126262958911
34320	-41.7799173970111
34330	-41.7363601340294
34340	-41.6332371855413
34350	-41.5003192215313
34360	-41.3665696357547
34370	-41.1814127809498
34380	-40.964621737932
34390	-40.807672413021
34400	-40.8000565170685
34410	-40.9545736738764
34420	-41.1863849716165
34430	-41.4044382946896
34440	-41.5176815274964
34450	-41.4390909324937
34460	-41.1927168475638
34470	-40.8765030708804
34480	-40.5889818989355
34490	-40.4286856282208
34500	-40.5324939857497
34510	-40.9377548621847
34520	-41.4310732389384
34530	-41.7901378301772
34540	-41.8059211618436
34550	-41.5011889690439
34560	-41.082518225443
34570	-40.7601276594565
34580	-40.7272477214268
34590	-40.9466724277462
34600	-41.2808457392311
34610	-41.6018998096975
34620	-41.7819667929615
34630	-41.7521761101581
34640	-41.6090968279344
34650	-41.3966521204446
34660	-41.1420167508649
34670	-40.6137330341051
34680	-39.9293259821761
34690	-39.3794491829597
34700	-39.2528165715297
34710	-39.5935693885288
34720	-39.9691190888963
34730	-39.7766522943273
34740	-38.8851584040009
34750	-38.6728014519817
34760	-39.1507292928064
34770	-39.3786568349948
34780	-39.4234725766683
34790	-39.4636250580227
34800	-39.5630272932961
34810	-39.7129476528042
34820	-39.7953630343491
34830	-39.8138289323077
34840	-39.8318474331809
34850	-39.9533871174282
34860	-40.1983299915605
34870	-40.2590546493526
34880	-40.1404964316141
34890	-39.9644658898438
34900	-39.7884373175962
34910	-39.5807194488308
34920	-39.3939282830512
34930	-39.2252192328531
34940	-39.0878725837398
34950	-39.0798830145893
34960	-39.2269192476508
34970	-39.3607996456528
34980	-39.0608433692735
34990	-38.2537311940429
35000	-38.0328433698971
35010	-38.0221125184717
35020	-38.0569694747073
35030	-38.450385851815
35040	-38.8489157268597
35050	-38.8528300462306
35060	-38.6991600261563
35070	-38.5234810603166
35080	-38.3339842146039
35090	-38.109783016819
35100	-37.754868323287
35110	-37.540900759832
35120	-37.957175324307
35130	-38.5559424546251
35140	-38.4397198668346
35150	-37.5886770039487
35160	-37.6100139819076
35170	-38.2528986132937
35180	-38.6399427363663
35190	-38.519783360295
35200	-38.3562448732489
35210	-38.4209782437945
35220	-38.6101472363643
35230	-38.5984745133861
35240	-38.522575933012
35250	-38.2365721067527
35260	-37.6997549178836
35270	-37.4913938277733
35280	-37.4230190097794
35290	-37.4074046079337
35300	-38.2763774777001
35310	-39.007739752991
35320	-37.9995407836392
35330	-37.1609371115018
35340	-37.2993038107479
35350	-37.5739532054918
35360	-37.915377676406
35370	-38.3547616615103
35380	-38.5952228695517
35390	-38.754803922808
35400	-38.9738252674708
35410	-39.2762564784927
35420	-39.7150614641386
35430	-40.7322834961967
35440	-41.5648610985408
35450	-41.7761458049849
35460	-41.9073444746209
35470	-41.9319822525344
35480	-41.7602767659416
35490	-41.4620026860619
35500	-41.1663925737306
35510	-40.9972802496045
35520	-40.8948840720688
35530	-40.8061536656874
35540	-40.7396217636729
35550	-40.7038210992383
35560	-40.7378344472609
35570	-40.9348049650672
35580	-41.192009148262
35590	-41.3855603958818
35600	-41.4052780764886
35610	-41.2968373584343
35620	-41.1465241771808
35630	-41.0309718841175
35640	-41.0118564022375
35650	-41.0277963125287
35660	-41.056799552585
35670	-41.0949077185949
35680	-41.1381624067469
35690	-41.2022050669417
35700	-41.3123005082379
35710	-41.4251878566347
35720	-41.494553700451
35730	-41.4994755198604
35740	-41.4972374514252
35750	-41.4942060919734
35760	-41.4914483381718
35770	-41.4900310866871
35780	-41.5105652154303
35790	-41.5823463191668
35800	-41.6955705444899
35810	-41.8397074216561
35820	-42.0042264809223
35830	-42.3189297526755
35840	-42.8415611100048
35850	-43.3485956928109
35860	-43.6147691656091
35870	-43.4226027865619
35880	-42.8536614233664
35890	-42.1935720651883
35900	-41.729563392642
35910	-41.6092808489612
35920	-41.550067105919
35930	-41.50833635767
35940	-41.4647576428263
35950	-41.4
35960	-41.2728909839527
35970	-41.0888440511224
35980	-40.8984070926356
35990	-40.7521279996189
36000	-40.7003575074514
36010	-40.7476380448678
36020	-40.85084746772
36030	-40.9761984659959
36040	-41.090403536925
36050	-41.217357072254
36060	-41.3589617124728
36070	-41.4760951838049
36080	-41.5296352124741
36090	-41.4865636202342
36100	-41.3689630480882
36110	-41.2239512361843
36120	-41.0986954214801
36130	-41.0403628409335
36140	-41.2094999187488
36150	-41.6322409053444
36160	-42.073850741212
36170	-42.2984688104507
36180	-42.2122254020556
36190	-41.981032012252
36200	-41.709584429306
36210	-41.5018449288954
36220	-41.4569907741376
36230	-41.5576768567652
36240	-41.7256537520851
36250	-41.8933841361726
36260	-41.9933306851032
36270	-41.9750426151895
36280	-41.8696176887542
36290	-41.7132292122821
36300	-41.5404556566961
36310	-41.3289094138032
36320	-41.0266819927688
36330	-40.757178640188
36340	-40.6505076910743
36350	-40.7717775403545
36360	-41.0245268661629
36370	-41.2902042266995
36380	-41.4502581801645
36390	-41.4345479993516
36400	-41.3320722470618
36410	-41.1839583909573
36420	-41.0259129504344
36430	-40.8315612617935
36440	-40.6005861560417
36450	-40.3973190496013
36460	-40.2341450100893
36470	-40.0855978833927
36480	-39.9386458969853
36490	-39.7708169507342
36500	-39.5674693092842
36510	-39.371063962579
36520	-39.2271239193497
36530	-39.1844225722034
36540	-39.4430610798928
36550	-39.855808411908
36560	-40.0797814348063
36570	-39.8358371246754
36580	-39.2881942349695
36590	-38.7667120597095
36600	-38.5900588293982
36610	-38.5923877919472
36620	-38.5981715606334
36630	-38.6074934812511
36640	-38.7456879909352
36650	-39.0832297358083
36660	-39.2489631853616
36670	-39.1425527207424
36680	-38.9821342022256
36690	-38.9329612694973
36700	-38.9862414769441
36710	-39.0906399257215
36720	-39.2256209006004
36730	-39.5379101850227
36740	-40.0071910743588
36750	-40.3219408992295
36760	-40.3221066502263
36770	-40.2723835319673
36780	-40.2543333192262
36790	-40.4039887690686
36800	-40.5475282100066
36810	-40.1686997289915
36820	-39.338917761917
36830	-38.9506274794198
36840	-39.0049581845768
36850	-39.1226820331587
36860	-39.2693564750093
36870	-39.5410051186022
36880	-39.9330754789751
36890	-40.2562141501903
36900	-40.3274939833262
36910	-40.1516365526032
36920	-39.8816092577683
36930	-39.6624693165674
36940	-39.4829050535797
36950	-39.3407144900673
36960	-39.3234114873986
36970	-39.436284183669
36980	-39.5421240888804
36990	-39.4681522644658
37000	-39.1935521554057
37010	-38.9526093720235
37020	-38.9423427384732
37030	-39.0536886264155
37040	-39.1793922765147
37050	-39.2245490842877
37060	-38.8507472844507
37070	-38.3169284520012
37080	-38.200746972416
37090	-38.4924123692388
37100	-38.7578387154655
37110	-38.794944338217
37120	-38.8140737749884
37130	-38.8178800989342
37140	-38.5870775062947
37150	-38.2573816311234
37160	-38.2818832172
37170	-38.9398162068876
37180	-39.2132013727204
37190	-38.389475063375
37200	-37.4386881396008
37210	-37.5393044115245
37220	-38.4082545890032
37230	-38.772926969462
37240	-38.8252788744804
37250	-38.838758075379
37260	-38.796399006149
37270	-38.7461770330202
37280	-38.7454410642974
37290	-38.7664398277938
37300	-38.7799785212605
37310	-38.7197239879773
37320	-38.6297804241255
37330	-38.6257540569889
37340	-38.6439131234852
37350	-38.6301724402846
37360	-38.4111137686552
37370	-38.1853388007756
37380	-38.2274494155669
37390	-38.42290792949
37400	-38.3835587426878
37410	-38.1357774648909
37420	-37.9900066697027
37430	-37.9976405287528
37440	-38.0084758830578
37450	-37.9459544062011
37460	-37.7445279221928
37470	-38.0272747327493
37480	-38.9291858280282
37490	-39.0591973171018
37500	-38.6408187262862
37510	-38.25
37520	-38.032669103827
37530	-37.881192192944
37540	-37.9079040496802
37550	-38.0912403819546
37560	-38.1318431937434
37570	-38.1427902089651
37580	-38.2428030537152
37590	-38.5101580712215
37600	-38.6383841682682
37610	-38.5406395397132
37620	-38.4345278950266
37630	-38.7270714952729
37640	-39.2343154630478
37650	-38.7843115852771
37660	-37.8205927088243
37670	-37.5446326382485
37680	-37.4834065798496
37690	-37.5076797624029
37700	-37.9083012962915
37710	-38.0855030679889
37720	-37.8232161117751
37730	-37.5210680393751
37740	-37.4313386757881
37750	-37.382840110681
37760	-37.4039267140806
37770	-37.9611989625488
37780	-38.2293148544183
37790	-37.868738362752
37800	-37.6653743967998
37810	-37.8310938746234
37820	-38.0023050850777
37830	-37.9260619386909
37840	-37.7438024156296
37850	-37.6593469314569
37860	-37.6060047948495
37870	-37.6685768858173
37880	-37.9355084664434
37890	-38.0671126737151
37900	-37.9261823475734
37910	-37.8219498232032
37920	-38.0605046009894
37930	-38.1662775403428
37940	-37.6285260524204
37950	-37.22
37960	-37.399718389161
37970	-37.6728507032805
37980	-37.5859936846087
37990	-37.1138309803978
38000	-37.3037894852984
38010	-37.7528868153285
38020	-37.4920052905077
38030	-37.0042862491441
38040	-36.8541268680911
38050	-36.7937251379949
38060	-36.9637683510654
38070	-37.3619189499727
38080	-37.1512757066607
38090	-36.4919476484518
38100	-36.6652478517181
38110	-37.822172155923
38120	-37.8243052477669
38130	-37.5645572253648
38140	-38.173727796734
38150	-39.4207209316517
38160	-39.9757258206367
38170	-40.2757256740309
38180	-40.4861230977019
38190	-40.5781738220211
38200	-40.5326993142191
38210	-40.3968421884914
38220	-40.2457330844063
38230	-40.154597542567
38240	-40.1707673297417
38250	-40.2449263068966
38260	-40.3397876231254
38270	-40.42
38280	-40.48679481687
38290	-40.5564892965013
38300	-40.6163609255899
38310	-40.6536871908319
38320	-40.6588652725853
38330	-40.6497893097371
38340	-40.6364181491709
38350	-40.6245655398282
38360	-40.620854992893
38370	-40.7427783247034
38380	-41.0013288321649
38390	-41.2963950108621
38400	-41.5278653563792
38410	-41.5984623067001
38420	-41.545030080863
38430	-41.4380021862945
38440	-41.3083504058217
38450	-41.1870465222718
38460	-41.1047703109067
38470	-41.0455917962867
38480	-40.9903222930908
38490	-40.9467122630944
38500	-40.9225121680731
38510	-41.0114248625164
38520	-41.4645152587693
38530	-42.0345171499006
38540	-42.4224623863685
38550	-42.3875792774962
38560	-42.0402962301005
38570	-41.5327769994011
38580	-41.0074157765502
38590	-40.6066067527002
38600	-40.4735293201943
38610	-40.7474232523965
38620	-41.3142806036761
38630	-41.9708380568352
38640	-42.5138322946758
38650	-42.74
38660	-42.6701675229187
38670	-42.5035337212381
38680	-42.3043940393028
38690	-42.1370439214575
38700	-42.0345381989043
38710	-41.9392572298812
38720	-41.8608173303453
38730	-41.8153770853555
38740	-41.8101579136685
38750	-41.8111835906283
38760	-41.8130353154133
38770	-41.8155637345532
38780	-41.818619494578
38790	-41.8231291926923
38800	-41.8325897048752
38810	-41.8450956627705
38820	-41.8581425995995
38830	-41.8692260485834
38840	-41.8787164655707
38850	-41.8888057567486
38860	-41.8981980190528
38870	-41.9055737848997
38880	-41.9096135867057
38890	-41.8596020855726
38900	-41.6150338188948
38910	-41.2872313583478
38920	-41.0117663202997
38930	-40.9223134519814
38940	-41.0179648959413
38950	-41.1991353958417
38960	-41.390140124603
38970	-41.5152942551455
38980	-41.5681209072191
38990	-41.6114077151111
39000	-41.6442390065768
39010	-41.6652967417417
39020	-41.6750331528857
39030	-41.6804058309417
39040	-41.6838146225019
39050	-41.6870337597455
39060	-41.6918374748518
39070	-41.7
39080	-41.7872149538768
39090	-41.9835451952025
39100	-42.2223188162063
39110	-42.4368639091174
39120	-42.5605085661653
39130	-42.4971581937017
39140	-42.1910264243955
39150	-41.7926268831094
39160	-41.463932310965
39170	-41.3604706401891
39180	-41.3751501523147
39190	-41.4014228352031
39200	-41.4270750660533
39210	-41.4398932220639
39220	-41.4260858642304
39230	-41.3867604671203
39240	-41.3352483414755
39250	-41.2849319377816
39260	-41.2491937065241
39270	-41.2555672168348
39280	-41.5333201054507
39290	-42.0120721158789
39300	-42.4993875163699
39310	-42.8028305751743
39320	-42.8189809575182
39330	-42.7646493660376
39340	-42.67843554011
39350	-42.5755431665269
39360	-42.4711759320801
39370	-42.3727979417836
39380	-42.2457991200578
39390	-42.105280133581
39400	-41.9771037302755
39410	-41.8871326580637
39420	-41.8628460756727
39430	-41.978585494983
39440	-42.2036265314576
39450	-42.4551178550498
39460	-42.6502081357125
39470	-42.7033428981379
39480	-42.4923094008118
39490	-42.0955333852737
39500	-41.6637928876044
39510	-41.3478659438846
39520	-41.2126819746464
39530	-41.100662238883
39540	-41.0047413940629
39550	-40.9295759882906
39560	-40.8798225696709
39570	-40.8601376863081
39580	-40.9012971131545
39590	-41.0180441772898
39600	-41.1718985460944
39610	-41.3240754746827
39620	-41.4357902181691
39630	-41.4687496484395
39640	-41.4216315220407
39650	-41.3313245258876
39660	-41.2321055407376
39670	-41.1582514473481
39680	-41.1443050299282
39690	-41.2078982859857
39700	-41.3175514077338
39710	-41.434519342575
39720	-41.5200570379117
39730	-41.5437323518306
39740	-41.5503122094409
39750	-41.5546183196805
39760	-41.5578595064362
39770	-41.5612445935948
39780	-41.5659824050428
39790	-41.5738633835043
39800	-41.5895688475404
39810	-41.6099177585706
39820	-41.6300175088607
39830	-41.6449754906768
39840	-41.6482509935997
39850	-41.515851782094
39860	-41.2522220478345
39870	-40.9694075438608
39880	-40.7788368636764
39890	-40.6798572253965
39900	-40.6081820741628
39910	-40.5421113126246
39920	-40.459944843431
39930	-40.3343534015976
39940	-40.0404844554014
39950	-39.7012097821487
39960	-39.5400064991694
39970	-39.6937093103444
39980	-39.9853143846345
39990	-40.1672857983005
40000	-40.0973547083818
40010	-39.8788668882409
40020	-39.5816441369234
40030	-39.2598535276741
40040	-38.7313014762553
40050	-38.1314541624905
40060	-37.7378176196378
40070	-37.943025061914
40080	-38.9559893042104
40090	-40.0036245982223
40100	-40.4174642199927
40110	-40.620248680186
40120	-40.7749518478963
40130	-40.9428367240129
40140	-41.1713977241231
40150	-41.4194221293285
40160	-41.6184446508728
40170	-41.7
40180	-41.4620905343987
40190	-40.9348517537749
40200	-40.3980180823987
40210	-40.1313239445399
40220	-40.152068423071
40230	-40.2150665872088
40240	-40.3033181381997
40250	-40.4010146082418
40260	-40.4988705730071
40270	-40.6398441429118
40280	-40.7969437229797
40290	-40.9227221050645
40300	-40.9696562116702
40310	-40.8964607629316
40320	-40.7572523936621
40330	-40.6413947434053
40340	-40.6322860896263
40350	-40.7234397596856
40360	-40.8530862168626
40370	-40.960506497331
40380	-40.9854749472401
40390	-40.9059811792073
40400	-40.764369688964
40410	-40.6091244932215
40420	-40.4887296086911
40430	-40.4509137114265
40440	-40.4928058721878
40450	-40.5842766724766
40460	-40.7075408687488
40470	-40.8448132174608
40480	-40.9916172045443
40490	-41.1941701701465
40500	-41.4237918024387
40510	-41.6399037659023
40520	-41.8165535949339
40530	-41.9996883252055
40540	-42.1612263465047
40550	-42.2585259734241
40560	-42.1697755774334
40570	-41.6166395259032
40580	-40.8394388782047
40590	-40.1377452583345
40600	-39.8111302902891
40610	-40.0546001450796
40620	-40.6740614252756
40630	-41.3914778179201
40640	-41.9288836236701
40650	-42.0460129365178
40660	-41.9975200961839
40670	-41.9099675835134
40680	-41.8036610133135
40690	-41.6935442170551
40700	-41.5604297790802
40710	-41.4001027321027
40720	-41.2128072461404
40730	-40.9987874912111
40740	-40.7018960213927
40750	-40.2345487545177
40760	-39.794841485993
40770	-39.6
40780	-39.7725984573612
40790	-40.1437449001263
40800	-40.4934659343181
40810	-40.608864392836
40820	-40.5730164867373
40830	-40.5045624474745
40840	-40.4276166956509
40850	-40.3662936518696
40860	-40.3328377279499
40870	-40.3106841572726
40880	-40.288400777737
40890	-40.2547858584729
40900	-40.1642732090231
40910	-39.8737672734624
40920	-39.5360998431082
40930	-39.3410880784074
40940	-39.2560624516147
40950	-39.1875951993194
40960	-39.0849596024298
40970	-38.8822856221198
40980	-38.6607925566019
40990	-38.5416622247516
41000	-38.6379306896925
41010	-38.8773602061296
41020	-39.0751401074287
41030	-39.1137295405719
41040	-39.1249278871798
41050	-39.134707300363
41060	-39.156464483668
41070	-39.2593735195038
41080	-39.4044214411505
41090	-39.4963562648643
41100	-39.4352168909318
41110	-39.2471179471096
41120	-39.0708102553658
41130	-38.8810771970543
41140	-38.7383759202114
41150	-38.767098435849
41160	-38.9947549087677
41170	-39.2265851459358
41180	-39.273175401571
41190	-39.2024270951577
41200	-39.0737521352635
41210	-38.8547119543614
41220	-38.304902599065
41230	-37.9903697792492
41240	-38.1156569289256
41250	-38.2870422866035
41260	-38.308511630754
41270	-38.3000949137182
41280	-38.2857024359853
41290	-38.257048171177
41300	-38.1895861940767
41310	-38.0901510275194
41320	-37.8338283063436
41330	-37.5434190082391
41340	-37.4667716576609
41350	-37.5681498171212
41360	-37.7532137032275
41370	-38.0672161271094
41380	-38.6118780373342
41390	-39.2193206152531
41400	-39.9445735048873
41410	-40.3287137413935
41420	-40.2877393675228
41430	-40.1836398992954
41440	-40.0692319263336
41450	-39.9962130651585
41460	-40.0118775049765
41470	-40.1227724932975
41480	-40.3144021785299
41490	-40.5721744900393
41500	-40.8814973571915

